151 456 1
80 449 20
150 450 18
112 101 7
339 449 4
208 115 18
110 15 10
119 437 17
494 469 13
121 149 1
9 431 6
179 367 4
268 181 9
179 449 1
238 143 9
269 113 18
437 448 12
77 42 14
150 448 1
151 362 17
460 457 9
239 429 7
117 429 18
269 421 14
238 429 9
168 449 5
281 224 13
210 256 14
280 347 4
150 11 14
76 457 10
103 312 9
90 296 6
209 456 10
112 469 10
155 96 9
88 407 5
90 113 5
463 450 11
268 477 10
141 437 19
258 6 5
9 437 9
469 448 8
74 390 19
111 195 18
241 273 7
120 445 9
242 449 10
469 77 9
305 221 16
299 469 20
117 469 7
113 450 6
62 456 6
117 469 2
208 429 17
113 115 4
1 448 14
462 457 16
88 456 4
241 327 20
150 469 1
472 228 17
179 200 3
107 477 6
121 458 8
13 9 6
238 458 5
7 450 6
117 433 17
435 437 16
210 456 1
367 429 18
237 456 7
73 456 14
299 449 5
107 457 13
270 429 2
77 437 10
13 477 2
103 437 11
121 481 15
257 457 20
347 179 14
240 477 1
268 429 9
270 84 20
45 106 9
148 458 7
202 143 14
270 429 5
113 429 15
163 477 3
141 458 9
114 448 3
111 258 3
448 94 15
76 458 20
179 448 18
141 429 13
149 450 2
237 449 5
88 469 5
121 448 9
117 437 20
283 469 2
47 457 12
209 194 8
150 121 10
117 429 20
114 416 18
187 429 9
39 223 2
214 161 6
142 159 20
241 450 8
225 477 4
108 469 11
111 477 2
193 448 1
477 448 6
299 214 17
238 487 2
273 469 13
210 477 17
119 72 16
498 337 8
198 450 7
273 469 2
110 381 15
117 89 12
119 469 5
261 477 12
208 449 11
237 450 14
172 437 2
120 277 11
429 456 8
334 469 10
172 367 1
142 209 4
299 469 8
458 450 4
4 469 11
268 449 13
449 270 20
114 456 10
112 429 15
456 477 11
179 270 11
121 175 7
361 287 20
123 457 17
328 166 9
156 469 7
179 239 15
179 469 19
155 429 6
215 457 16
142 457 11
149 448 13
118 373 15
237 457 20
319 80 13
469 365 20
114 449 6
241 91 2
210 437 5
324 450 6
209 400 20
202 314 1
90 477 17
90 142 11
121 457 5
210 454 10
299 448 1
118 450 12
117 477 14
213 114 7
237 450 2
382 429 13
88 437 2
75 457 10
457 469 11
299 99 17
247 477 8
100 458 14
424 273 9
120 448 15
335 89 13
92 368 7
208 457 1
269 111 7
34 449 10
429 450 4
107 401 2
299 469 16
76 457 13
294 418 7
119 457 14
269 458 19
172 457 5
110 197 18
469 448 20
141 429 1
70 458 9
299 7 17
141 464 11
305 259 12
282 458 18
213 449 11
251 285 10
330 469 11
90 105 8
269 458 11
172 45 19
457 237 5
437 449 8
450 198 20
439 236 6
210 469 7
463 208 13
113 450 14
103 145 20
83 458 8
134 458 3
90 437 9
239 457 11
179 450 15
295 208 20
210 450 13
8 190 18
141 448 7
434 332 17
179 159 20
458 462 9
208 458 3
117 205 18
437 449 11
172 457 16
117 449 8
299 111 2
268 296 16
364 449 20
90 437 4
269 9 19
88 450 6
325 218 19
113 429 5
126 133 13
118 477 4
9 450 16
92 397 17
348 469 10
76 89 19
88 437 19
88 477 1
458 299 9
179 450 8
108 450 12
481 429 1
89 457 17
90 254 4
336 6 2
149 41 9
394 170 7
150 469 12
299 314 2
1 375 4
114 448 15
488 354 19
141 449 4
97 149 6
210 429 2
270 469 9
237 309 13
457 313 1
299 259 17
112 192 13
148 477 11
268 189 6
472 449 9
148 468 8
110 80 11
121 477 4
469 458 3
240 306 12
157 495 17
458 449 5
86 437 17
9 123 12
150 477 6
110 49 1
422 437 3
458 437 10
143 351 2
84 449 4
119 456 12
9 240 15
89 437 4
111 450 11
89 237 8
237 458 16
142 437 16
112 429 16
289 194 7
406 383 11
283 292 8
336 252 15
88 429 4
393 449 3
448 429 15
375 266 16
77 437 1
114 300 20
2 429 9
343 437 17
9 187 12
312 458 18
80 477 4
208 458 5
279 456 11
486 76 9
226 367 14
141 181 11
237 429 8
152 477 1
120 457 5
113 424 17
433 437 11
477 309 9
202 450 20
469 448 5
119 450 13
88 457 19
144 449 20
411 234 8
186 369 18
89 114 4
278 458 4
464 457 8
9 429 6
111 462 15
361 477 5
388 415 4
121 450 7
209 449 14
388 450 16
429 140 7
20 343 20
240 120 17
282 143 2
422 457 3
178 449 20
118 316 14
88 457 13
77 448 8
151 299 19
183 458 18
486 75 2
112 437 5
9 469 14
80 457 11
111 450 18
269 457 15
265 469 20
141 469 13
36 473 11
54 39 18
456 448 10
148 450 17
241 456 12
209 110 6
110 477 8
90 469 14
142 469 18
92 26 1
239 456 18
148 437 2
64 458 1
448 457 9
477 458 1
239 450 6
143 448 17
268 457 20
178 458 1
119 449 18
88 469 3
292 189 5
437 429 3
428 477 15
172 437 12
209 38 15
114 384 14
149 295 17
299 477 15
208 289 4
113 477 6
111 210 19
179 121 17
444 417 10
437 429 10
112 456 3
270 457 8
427 456 9
179 449 18
423 120 18
9 456 20
244 36 3
361 456 8
116 450 6
238 449 6
111 437 13
241 111 6
121 469 5
125 2 19
299 448 9
88 448 18
149 429 15
299 283 13
92 477 8
141 267 8
384 149 3
255 469 10
455 120 4
335 336 18
414 457 15
269 328 19
172 429 9
265 240 20
497 237 3
77 297 2
80 458 16
75 448 20
150 429 6
102 481 19
394 76 18
388 437 20
141 429 13
69 13 17
245 85 16
9 0 15
240 457 1
75 456 16
88 112 9
361 237 18
429 450 2
9 458 15
119 218 4
77 449 6
208 477 11
241 63 11
458 450 15
121 456 15
89 299 14
238 430 7
262 137 16
270 456 16
120 450 16
133 86 12
142 477 1
331 437 4
75 158 10
477 221 2
148 199 10
269 450 20
241 448 12
114 348 12
117 448 16
154 158 1
172 429 12
80 429 20
410 448 15
495 456 6
77 371 10
9 254 6
179 429 10
469 403 2
429 93 12
268 111 2
268 55 1
149 92 14
143 333 8
236 437 2
458 448 2
80 429 8
112 447 1
362 210 5
449 118 17
238 437 14
150 148 5
456 247 8
84 140 11
110 240 8
141 41 8
148 48 8
149 456 10
119 128 17
120 448 15
299 429 17
299 70 20
397 450 5
356 477 11
237 437 18
148 449 5
437 450 16
119 457 20
164 437 14
239 429 4
448 279 19
110 89 12
121 457 19
120 490 4
111 450 19
477 250 13
270 366 7
334 449 2
110 456 14
374 118 5
104 448 6
76 64 15
210 450 5
268 398 15
358 457 17
80 116 7
23 457 19
482 469 8
89 437 9
311 456 6
117 448 8
110 477 12
172 68 15
437 458 16
238 15 6
240 78 7
150 0 6
331 448 7
350 37 1
429 450 6
377 223 18
148 368 15
113 321 7
118 391 18
111 154 17
63 2 3
398 437 5
34 477 13
13 254 19
148 437 14
77 457 3
1 456 13
186 469 9
76 449 7
429 18 10
437 469 7
450 457 4
484 477 16
361 200 11
77 456 11
480 415 10
299 68 20
142 133 8
154 407 7
240 429 10
118 450 3
488 449 14
240 457 9
114 297 19
149 456 5
230 456 12
450 413 4
111 14 14
117 90 2
446 143 3
319 429 3
90 477 8
179 450 15
429 437 18
119 477 3
316 364 3
110 448 8
269 448 1
229 120 8
9 456 18
237 448 10
119 394 1
150 9 18
80 256 16
237 458 19
431 207 20
292 450 14
142 299 20
240 477 19
148 473 16
113 179 7
270 457 3
240 202 5
117 113 11
269 180 4
498 398 20
110 437 11
208 449 11
110 477 8
270 77 3
120 458 15
149 458 4
90 477 19
88 153 13
268 448 18
120 39 9
75 477 9
285 458 10
7 449 4
428 450 11
121 269 19
268 221 4
135 469 4
209 47 19
469 457 7
179 437 20
469 450 10
188 398 4
240 412 7
239 457 1
175 477 12
141 457 4
26 110 10
238 477 18
149 469 18
241 77 15
499 458 7
269 457 9
238 456 11
326 121 17
457 149 6
119 449 14
299 109 20
239 448 6
89 225 8
120 76 5
449 457 9
315 457 13
172 457 20
120 486 14
77 437 7
80 224 20
457 469 20
90 450 15
416 437 1
269 491 4
239 450 1
209 191 12
350 458 19
469 80 14
179 458 13
111 458 5
241 239 12
122 456 2
399 450 11
112 457 18
118 477 6
186 199 20
264 449 12
179 449 11
235 456 3
113 41 17
299 469 6
466 458 10
90 237 7
120 458 5
118 469 16
77 153 13
359 456 17
88 240 6
121 238 15
75 361 7
362 17 18
149 448 15
121 145 14
497 374 20
77 469 10
141 446 16
209 437 16
68 437 1
181 212 6
241 457 7
435 458 2
241 75 9
449 112 11
114 268 1
405 429 14
120 477 14
75 456 7
445 457 5
215 456 13
173 458 13
84 457 1
141 477 9
179 340 13
89 429 18
240 449 8
117 458 10
268 420 15
88 458 13
336 448 16
24 171 15
437 450 16
248 448 2
210 429 10
456 448 15
240 358 20
242 448 15
90 449 17
141 437 14
121 458 10
429 172 10
90 450 14
239 458 12
77 249 13
238 489 8
418 477 6
114 450 2
142 448 11
473 469 10
119 449 13
113 366 15
458 429 4
269 469 12
353 458 11
118 109 12
208 193 9
269 485 12
241 456 13
420 448 13
141 437 1
299 81 11
54 469 3
110 25 1
209 324 15
118 263 13
142 129 14
77 209 2
344 448 11
449 276 17
143 450 6
371 6 14
77 450 6
62 121 7
4 456 10
460 457 2
210 491 6
77 42 6
172 391 2
114 477 5
366 450 17
429 268 10
155 449 7
119 150 12
90 456 4
404 261 19
121 457 7
110 457 7
150 455 7
110 238 3
89 486 9
477 318 3
241 450 17
120 457 19
237 457 19
213 448 1
1 469 17
77 125 1
89 160 12
495 429 12
75 379 5
118 428 5
143 109 12
113 192 15
477 246 12
64 449 20
457 166 11
111 94 14
89 458 3
499 295 14
470 143 4
241 321 12
210 448 12
89 112 13
439 437 14
77 449 18
85 348 12
450 398 18
179 450 2
440 450 7
179 458 8
459 76 9
239 297 5
172 393 8
88 448 7
429 412 1
386 474 11
172 448 11
113 458 13
112 477 11
469 458 2
142 217 8
239 450 10
119 462 14
258 191 6
88 388 1
450 448 12
237 477 14
347 39 4
111 456 2
92 456 11
85 477 18
457 469 17
121 400 10
89 2 19
172 448 5
88 479 15
237 457 9
119 284 18
141 477 5
113 178 17
423 284 10
106 88 1
141 456 6
304 477 1
118 469 7
179 457 2
241 458 20
405 270 11
145 131 1
141 437 1
456 448 17
120 309 15
458 100 9
121 437 4
142 437 13
117 143 11
184 9 1
220 448 6
111 301 16
379 218 11
208 449 2
35 448 16
136 429 13
121 437 3
88 378 16
113 0 4
312 449 7
141 457 18
209 437 11
10 457 19
282 420 19
447 107 16
378 75 5
111 469 6
362 113 2
239 458 11
120 450 20
377 458 8
300 450 1
11 144 4
497 52 19
149 108 4
114 456 6
149 449 7
448 373 18
240 449 7
410 268 16
263 449 8
270 469 16
76 457 4
208 437 8
412 429 7
110 481 6
448 469 16
267 457 14
208 112 8
210 449 10
210 456 10
169 455 16
255 448 10
378 477 9
208 456 10
324 457 20
128 469 19
143 420 13
445 22 8
269 456 11
90 318 1
76 304 20
118 456 10
456 88 14
241 450 8
215 458 1
237 456 13
121 450 19
210 307 4
299 456 9
240 449 5
448 469 20
117 448 2
120 429 1
120 469 11
210 135 3
237 367 15
141 457 7
208 437 1
237 450 11
143 429 20
231 429 19
238 456 16
114 358 12
76 433 17
469 477 16
469 253 15
398 450 14
269 437 8
142 495 3
179 450 4
299 448 20
268 448 19
270 34 1
240 129 19
255 136 17
172 437 6
434 450 1
477 437 10
111 87 12
437 9 13
466 477 15
299 30 17
121 88 19
269 387 1
484 88 5
185 423 20
320 457 15
239 437 6
110 456 16
210 450 16
327 449 17
288 165 5
117 456 19
179 450 20
209 437 4
148 449 5
143 27 14
299 448 12
456 449 12
149 448 6
179 67 20
26 458 12
150 368 2
465 449 17
77 457 4
268 437 3
208 448 2
90 449 8
180 409 10
208 456 18
148 121 5
191 437 14
140 276 19
182 456 3
120 456 17
239 456 18
240 450 18
172 496 13
76 449 15
142 437 5
210 437 13
142 450 18
356 449 6
75 50 11
80 449 4
119 469 20
141 449 11
124 469 5
9 275 14
113 477 9
89 429 13
456 448 7
118 469 10
240 449 17
150 457 17
89 450 18
337 437 3
237 450 6
458 112 20
76 448 18
112 477 3
201 449 10
179 450 19
123 158 9
9 25 10
3 119 4
89 281 14
80 287 13
119 429 7
89 457 15
113 429 6
208 458 14
117 429 3
382 458 11
210 437 14
331 457 3
457 426 3
9 458 14
83 313 16
209 450 18
120 458 3
90 437 12
270 449 13
90 449 12
403 457 19
436 370 9
80 437 14
210 449 15
486 437 9
75 195 19
9 477 20
268 450 15
119 189 7
241 457 12
90 238 6
179 457 19
143 120 9
237 416 10
9 429 12
149 456 10
458 448 2
213 18 6
270 429 7
142 477 14
323 360 3
75 114 13
70 115 11
142 458 6
453 111 1
141 344 7
9 469 20
2 240 15
281 448 18
111 437 19
90 266 7
76 437 8
172 418 9
341 458 10
142 448 17
77 13 5
377 429 11
114 210 10
276 71 18
112 458 1
179 187 12
180 456 4
77 458 17
237 221 15
120 437 7
112 429 9
215 250 3
269 185 4
80 448 3
461 254 13
8 429 1
261 456 14
208 477 4
227 437 11
114 241 20
77 79 15
9 469 9
75 449 1
90 418 2
150 457 11
143 268 10
141 485 15
448 437 12
119 449 19
458 187 15
88 448 17
269 450 19
269 448 6
80 450 10
80 81 15
449 458 7
145 265 19
90 469 18
239 320 13
394 477 9
448 76 15
484 110 10
267 59 15
240 437 5
90 93 8
179 322 15
9 134 3
88 429 5
114 469 10
379 477 12
179 448 14
399 41 18
156 457 15
404 440 4
143 437 3
112 90 14
239 90 2
238 165 10
77 469 5
118 236 2
90 429 15
179 437 2
206 75 5
299 457 9
121 477 4
88 450 16
88 457 2
226 448 18
162 456 17
97 429 4
119 456 9
194 456 16
119 49 19
432 269 3
428 437 8
183 456 14
9 449 14
324 477 8
161 248 1
89 155 12
129 457 12
429 295 13
121 450 9
154 493 9
141 429 17
299 112 5
241 105 1
120 227 9
114 204 14
118 141 15
214 448 8
149 80 17
64 457 8
9 450 19
469 143 16
239 456 13
241 34 8
228 89 17
316 469 15
143 349 13
113 456 5
183 437 8
207 437 10
450 1 13
172 435 6
172 295 8
63 383 14
241 448 2
213 449 16
132 111 1
429 456 15
269 469 9
34 450 8
189 469 10
113 208 14
110 469 13
477 382 8
53 437 16
239 458 6
462 456 12
118 456 11
268 448 2
117 264 4
469 450 11
240 494 8
142 456 3
80 458 2
299 448 18
60 5 12
116 244 15
241 449 10
21 448 20
76 477 13
9 448 4
173 325 6
457 33 11
107 437 3
77 221 13
93 469 8
172 469 9
111 448 11
395 326 10
88 456 5
414 435 13
181 448 13
5 124 6
143 449 11
238 128 16
179 450 4
89 143 2
429 448 10
240 437 17
390 149 3
111 458 14
237 448 2
208 449 3
199 127 13
90 369 1
114 450 11
450 381 6
76 150 19
161 437 10
214 312 18
270 437 8
270 493 7
112 469 7
448 490 11
90 458 4
299 469 6
469 223 20
357 456 10
76 437 16
108 409 10
118 456 8
111 458 17
113 132 18
195 458 7
75 456 2
90 429 10
437 370 7
392 450 5
259 450 5
208 450 7
209 456 12
185 449 15
133 429 16
340 104 7
120 70 12
121 11 11
477 202 11
119 9 13
287 477 17
37 398 10
420 336 9
458 448 20
77 420 13
75 477 4
179 141 2
350 46 2
286 448 1
117 477 19
76 448 15
325 469 2
355 429 15
238 450 4
469 450 12
111 437 20
75 261 19
120 88 10
465 450 18
448 469 18
110 469 1
238 450 15
269 458 7
110 443 11
208 206 2
31 456 16
363 420 16
349 457 16
71 458 12
45 141 4
434 448 16
2 8 3
208 449 10
344 477 1
118 261 7
9 458 20
458 110 8
172 450 10
452 456 17
145 274 6
238 457 17
432 456 15
77 456 11
470 150 11
63 449 14
65 59 9
143 36 8
412 456 14
241 418 12
112 299 17
324 450 19
237 477 19
143 117 1
360 388 15
209 457 8
269 220 4
237 469 20
118 111 5
429 450 10
80 477 14
281 449 18
492 37 10
25 148 18
83 390 2
237 457 9
449 437 11
112 437 2
75 155 4
238 70 7
407 496 7
209 477 10
196 469 8
165 469 5
107 429 8
448 387 20
237 117 1
80 252 20
238 456 19
170 469 13
120 450 16
114 469 17
457 448 4
448 458 3
111 450 9
411 467 14
473 477 6
238 437 8
270 448 9
149 448 11
123 330 1
112 449 12
290 143 16
270 304 7
449 479 6
11 209 16
80 90 1
112 457 10
450 437 5
179 110 9
77 460 2
75 419 9
239 443 11
209 457 3
126 246 7
172 449 9
269 160 15
9 76 8
448 457 8
477 110 13
477 449 5
458 358 13
126 79 17
88 458 12
271 437 13
111 193 5
92 457 4
308 373 3
52 449 13
270 429 14
456 458 5
209 182 10
334 449 12
270 448 6
497 115 2
179 429 15
299 458 4
215 88 14
241 437 19
237 373 4
114 456 4
237 429 3
111 458 3
62 449 20
241 469 16
150 477 16
117 429 10
142 456 15
239 456 5
180 437 7
179 437 16
200 498 4
313 331 7
92 448 3
172 429 7
143 450 15
121 450 13
143 450 9
196 469 10
447 456 14
148 317 19
167 248 13
209 121 11
113 458 1
13 456 14
297 429 18
77 221 2
75 448 1
236 457 4
315 2 2
110 477 11
113 238 2
112 477 4
241 437 11
250 477 19
119 386 11
209 458 1
15 4 14
270 449 8
354 165 12
120 15 2
142 458 1
148 350 13
421 450 4
77 437 18
240 155 19
23 477 11
143 429 15
456 469 17
449 437 12
88 457 9
119 469 13
220 429 1
469 403 19
182 437 12
231 477 15
455 458 11
238 56 4
477 449 8
484 477 19
210 477 13
209 429 6
90 193 7
448 457 5
101 485 16
143 345 11
119 449 20
190 203 7
112 128 9
410 335 12
77 429 5
360 470 18
209 437 16
143 456 11
111 458 20
120 437 10
120 448 12
114 456 6
268 469 16
439 437 16
308 457 2
172 429 13
59 429 19
299 143 13
120 469 13
210 448 6
243 289 1
179 456 3
119 458 13
443 457 7
9 457 16
280 429 11
114 437 16
111 469 10
179 437 2
179 265 17
121 315 20
294 269 9
172 477 6
320 499 7
270 456 6
212 394 2
148 457 4
184 457 16
114 458 11
113 456 14
90 437 10
118 448 14
268 458 17
9 437 16
466 225 8
113 477 17
150 448 17
110 469 8
448 450 3
429 477 13
420 13 17
89 34 1
76 104 8
458 128 19
280 437 11
76 469 19
238 448 13
110 449 5
75 120 2
88 277 1
121 477 9
225 477 3
172 450 12
237 90 3
121 450 12
76 429 3
448 210 4
270 458 4
208 215 12
423 450 12
265 437 10
87 437 5
119 458 19
385 210 4
75 486 3
269 456 1
270 449 13
458 448 17
142 119 5
77 477 15
28 456 20
179 192 19
289 449 2
141 458 8
429 477 18
388 257 19
269 448 17
448 30 11
142 437 5
36 451 18
355 456 10
77 192 9
239 448 15
240 456 13
118 449 20
237 456 14
142 353 19
118 296 10
121 267 4
458 477 14
112 458 17
157 118 6
80 448 11
150 437 15
316 357 11
241 183 1
208 424 1
141 456 7
437 247 15
210 449 1
148 250 6
489 477 11
429 237 17
9 469 15
448 458 19
270 40 9
112 389 19
80 199 2
77 268 5
268 456 15
270 463 12
75 252 1
148 29 13
449 172 4
150 118 19
94 254 8
237 458 18
316 448 13
418 142 20
80 469 11
75 458 19
113 429 12
457 287 11
118 458 15
117 456 7
240 143 17
269 450 14
429 144 9
210 239 5
148 437 12
163 450 10
179 395 13
119 469 6
150 469 18
148 458 8
172 457 15
89 437 6
164 448 11
439 427 5
54 373 2
110 439 8
38 456 2
0 345 15
240 449 2
269 457 11
142 82 3
333 383 17
114 449 13
450 148 11
164 399 17
80 353 7
89 449 1
269 450 16
456 458 7
80 196 19
169 150 4
157 437 7
383 277 8
143 46 14
270 457 2
297 448 9
339 477 6
179 437 14
76 437 3
56 449 7
179 399 2
210 469 16
181 458 12
117 121 1
201 469 9
371 199 8
240 448 3
121 457 7
369 449 17
394 437 1
9 450 9
241 469 9
299 446 12
90 456 16
285 458 8
148 449 5
268 116 3
111 449 1
117 54 12
241 450 10
120 458 13
119 469 13
456 76 7
89 353 19
141 429 10
263 437 10
172 458 15
112 449 17
209 276 5
450 478 11
438 76 3
225 458 16
9 437 12
112 458 15
285 487 3
209 59 4
268 437 5
114 456 8
210 448 13
120 449 17
7 429 20
120 457 3
120 457 8
10 307 6
165 425 1
269 450 12
299 495 19
237 469 1
112 450 10
148 114 20
96 253 18
80 450 7
240 450 7
110 457 3
241 119 12
437 448 17
234 450 11
458 469 2
113 129 12
88 448 1
457 367 5
463 234 9
179 80 12
195 450 16
345 456 10
87 449 12
90 448 15
493 469 19
456 115 4
272 448 1
47 92 5
149 429 6
429 278 3
121 305 5
461 458 5
142 2 6
299 209 10
112 68 4
457 9 10
283 457 1
377 301 15
139 458 9
149 437 11
240 117 4
172 448 5
119 256 16
112 136 16
208 429 11
179 429 12
449 14 8
150 448 19
244 456 9
51 449 4
141 458 11
142 56 20
299 477 5
299 357 7
120 106 3
451 449 20
456 450 5
439 330 6
240 456 3
117 439 16
457 199 10
120 263 2
486 285 12
252 79 9
114 76 16
190 469 12
346 457 19
429 457 16
299 24 3
179 205 3
121 460 15
91 429 7
242 468 9
253 324 12
9 456 8
429 448 19
50 449 16
143 11 3
268 477 20
77 148 8
268 469 9
269 250 1
208 235 12
269 429 10
111 149 16
143 56 9
437 274 5
397 457 11
381 477 19
88 396 11
110 448 6
311 469 14
270 450 17
269 458 16
432 456 15
80 162 2
236 390 18
210 449 16
179 469 20
450 312 14
113 148 7
238 466 11
80 449 18
112 268 6
209 59 8
210 448 20
314 437 5
477 362 5
118 206 18
149 429 2
127 448 3
444 437 12
141 429 9
77 225 16
149 477 5
48 27 5
117 458 2
142 390 13
142 242 8
187 111 6
179 469 6
86 80 10
172 450 1
121 458 3
210 179 12
173 477 18
149 116 16
235 113 18
172 450 4
225 442 13
117 448 2
323 63 11
141 456 6
80 5 20
457 143 9
237 469 5
498 449 5
112 469 3
299 457 5
303 187 18
113 208 3
141 456 20
329 456 12
113 458 2
239 437 8
388 449 15
121 469 19
121 197 9
148 299 13
262 456 1
318 397 1
112 429 11
179 199 15
118 241 13
448 33 5
484 358 17
73 133 18
269 458 5
88 101 19
121 9 20
75 449 5
302 456 10
241 437 16
142 448 8
449 456 16
299 77 19
172 450 8
195 429 17
208 437 13
239 450 9
493 235 12
80 456 7
223 240 14
71 458 13
469 35 7
32 437 5
119 437 7
172 429 6
148 390 11
240 477 16
208 270 12
141 448 20
269 148 12
409 437 14
179 300 13
450 457 12
172 417 9
429 458 1
483 40 19
116 437 13
118 456 1
89 457 15
90 190 9
268 448 7
106 69 1
148 492 7
114 469 9
426 457 9
458 448 6
209 240 18
172 477 19
270 79 10
120 437 5
112 241 3
310 73 12
80 449 6
114 458 20
142 73 7
141 185 20
485 160 7
429 469 8
20 90 17
299 118 3
112 450 6
150 458 11
118 338 7
208 457 3
150 477 18
119 477 3
237 457 3
209 456 10
448 458 6
148 150 3
172 451 17
11 203 1
75 449 11
75 112 5
268 165 16
437 448 19
118 157 1
208 458 1
240 448 9
153 449 10
299 429 11
298 211 7
149 230 7
77 369 11
469 457 2
118 125 15
448 361 7
149 437 4
244 286 13
89 450 11
88 457 12
241 437 7
88 448 13
141 309 11
251 419 6
114 269 12
143 469 8
80 42 5
268 252 20
148 56 4
238 450 14
48 449 16
241 450 16
270 70 13
437 448 11
143 450 18
240 457 4
465 457 12
487 469 16
181 457 8
315 457 10
457 450 2
113 449 14
241 121 3
141 429 10
119 141 18
131 456 11
113 449 18
150 200 12
429 457 14
148 450 4
179 458 19
117 253 14
237 477 13
89 112 12
270 477 18
450 437 11
18 164 16
269 456 19
241 449 18
240 461 12
461 24 17
119 457 20
210 170 18
253 448 15
414 457 13
110 450 12
374 458 18
491 179 18
172 179 6
119 457 15
76 458 1
210 429 8
141 429 2
143 477 13
371 32 8
117 450 6
88 380 11
183 74 13
395 277 16
458 142 10
342 448 20
210 458 3
148 450 5
417 458 12
237 437 10
457 492 11
461 477 15
477 475 12
210 339 19
437 341 10
328 458 3
113 437 10
80 429 8
80 437 9
89 76 12
299 182 4
209 449 5
75 376 8
179 429 8
237 456 5
121 449 8
84 429 1
270 477 9
320 456 10
112 429 13
88 263 8
80 457 4
270 175 6
110 469 8
148 448 4
172 368 14
240 434 10
148 456 12
237 459 14
113 477 1
179 458 2
214 376 12
434 397 14
211 89 3
112 456 15
89 187 1
118 457 16
354 112 14
111 308 13
241 481 8
88 457 1
209 477 16
454 477 18
9 235 9
137 456 10
14 118 7
309 457 5
318 456 14
241 103 8
308 456 9
113 448 13
149 449 6
448 142 1
148 394 3
241 429 11
149 240 2
111 458 3
71 53 3
497 323 10
210 429 11
117 469 1
23 450 19
89 323 5
270 449 4
18 210 20
208 170 9
9 477 6
262 149 9
75 437 8
401 111 3
6 465 19
387 477 5
62 112 14
86 448 11
118 457 19
389 477 1
20 379 12
179 458 20
355 266 18
269 458 6
212 457 1
113 457 11
399 437 16
75 372 7
210 429 1
277 429 15
149 449 12
119 204 6
179 482 9
209 151 13
163 448 4
208 457 12
73 179 16
179 449 3
210 449 12
270 153 10
237 97 11
112 457 19
268 457 3
375 318 12
9 457 11
285 458 13
259 456 4
208 450 2
487 113 7
209 429 10
121 469 11
20 412 5
193 437 19
119 456 16
80 469 7
433 429 2
268 448 16
113 429 16
437 458 12
110 456 13
76 113 18
172 178 13
172 491 13
80 11 19
241 477 8
75 457 17
349 446 9
110 382 5
118 485 16
162 39 19
113 469 12
481 450 3
90 456 10
142 263 4
237 456 3
299 23 9
238 477 18
172 477 14
110 457 9
328 479 9
268 4 11
240 437 11
110 475 11
114 449 3
89 307 15
478 448 3
456 437 11
457 469 11
76 420 3
118 469 9
460 296 1
80 403 10
240 293 9
120 490 12
449 456 4
145 456 15
112 21 11
157 469 19
99 77 16
118 469 13
150 212 2
206 450 8
89 477 11
299 429 2
75 437 15
450 469 2
485 449 8
477 437 11
9 392 12
228 457 3
429 224 16
384 365 15
237 450 15
448 295 7
63 449 18
141 458 11
209 342 2
110 114 6
194 311 10
239 192 6
149 223 4
238 113 15
268 449 20
269 88 8
220 429 8
271 448 17
143 456 6
111 449 11
269 448 10
419 477 16
117 457 13
112 457 15
210 469 11
90 456 18
114 429 6
141 448 6
110 370 9
9 450 7
76 285 6
449 206 3
149 447 5
90 456 6
92 448 13
268 79 1
306 458 2
77 449 14
113 456 8
467 9 3
269 448 18
208 469 19
457 469 3
370 449 6
143 107 9
449 135 8
150 429 8
240 172 4
261 437 9
247 105 10
179 450 17
28 53 17
61 429 6
269 481 9
77 246 14
179 239 18
218 29 10
89 140 11
221 456 3
80 210 18
230 449 9
477 135 5
281 429 6
150 456 19
238 353 4
368 469 20
114 469 7
51 458 7
284 279 4
210 448 9
429 70 19
212 449 2
77 239 5
112 429 8
9 456 8
119 448 20
270 278 12
88 477 1
444 355 9
150 469 19
208 449 14
143 457 17
57 185 20
179 492 17
117 429 7
457 241 14
179 434 15
314 456 5
110 456 19
76 429 4
469 168 7
149 125 8
456 450 4
399 366 20
238 448 1
179 477 8
312 456 4
14 450 5
239 458 10
174 437 17
456 141 18
366 6 7
114 385 17
268 485 15
437 310 6
141 450 10
114 450 1
238 197 2
16 457 2
289 134 2
148 458 5
9 148 12
150 437 10
369 168 1
143 477 18
448 437 11
458 429 6
179 495 8
95 207 13
450 437 3
458 448 16
396 160 12
90 112 18
453 63 2
113 160 7
456 366 13
143 411 11
269 19 9
210 449 18
150 185 7
80 448 3
112 477 6
143 262 13
42 80 8
121 493 4
239 208 8
157 477 3
40 449 12
260 345 14
179 429 17
75 277 6
88 456 8
74 113 17
89 403 13
118 456 16
113 458 20
458 448 13
469 450 2
240 124 3
213 159 20
77 458 1
197 437 17
114 458 9
88 48 5
241 179 8
343 472 1
117 437 14
76 449 4
270 469 8
352 469 16
89 154 4
210 35 20
209 458 17
457 448 1
158 477 17
240 449 10
114 250 18
118 395 16
238 457 19
238 148 20
460 477 12
172 437 16
268 19 20
150 437 8
496 123 12
111 449 17
89 477 19
142 449 19
150 302 12
340 458 10
369 469 9
448 469 16
89 239 14
113 448 2
114 437 17
238 346 9
90 218 3
237 449 18
77 458 8
237 477 17
80 208 18
215 101 3
210 477 9
239 313 11
148 477 13
172 429 11
270 112 17
9 437 20
311 112 17
142 477 9
449 100 13
118 364 17
300 419 14
418 429 3
150 448 10
368 457 4
231 106 17
299 458 11
404 437 5
76 429 4
179 393 16
210 316 9
270 422 11
321 449 1
76 449 12
189 457 10
429 457 20
179 456 16
80 84 12
457 144 16
88 149 17
448 276 4
88 457 14
90 456 8
194 244 12
9 477 14
121 179 4
208 320 4
150 429 9
267 458 8
369 437 17
92 437 1
190 477 4
450 318 3
9 288 6
238 477 10
334 456 12
469 448 20
148 429 11
331 448 7
159 429 19
477 420 15
448 392 1
458 450 18
89 437 7
222 235 13
120 477 10
114 449 2
458 469 15
299 458 14
197 457 16
11 469 14
241 469 5
448 429 6
410 456 7
239 458 12
22 458 9
111 429 19
486 469 3
450 99 15
209 477 8
237 456 17
121 315 9
172 120 20
449 456 19
78 456 2
111 458 5
249 450 16
237 448 1
9 19 3
120 396 5
239 485 14
268 167 8
112 456 14
83 448 1
223 469 3
240 477 10
118 448 14
172 469 3
76 448 13
121 449 9
89 463 15
448 429 20
12 450 20
9 450 11
143 313 7
110 456 15
324 448 6
117 456 16
150 240 19
239 449 6
318 223 13
268 437 9
268 449 13
119 477 5
80 457 17
76 450 16
9 457 3
76 367 12
142 60 14
80 449 8
111 458 15
469 16 7
121 429 9
207 469 7
88 450 12
215 291 10
113 299 20
113 429 14
254 204 1
445 456 2
75 469 17
110 449 3
112 336 11
119 112 9
449 90 16
85 449 1
458 429 14
429 456 4
143 450 19
110 88 5
210 285 6
150 429 19
450 306 19
458 477 1
114 448 4
79 457 5
112 449 4
456 437 14
231 241 20
9 477 13
77 296 20
247 437 8
111 456 5
246 264 2
179 457 7
94 448 5
327 437 4
118 429 11
1 456 12
239 170 8
14 457 4
374 429 13
396 494 14
477 107 3
485 456 3
240 141 19
456 143 3
80 477 18
17 449 1
146 449 2
19 465 10
210 449 3
375 456 12
113 437 11
210 448 9
179 458 20
121 458 5
143 455 9
270 457 9
429 450 11
148 456 7
119 457 7
9 429 12
27 74 14
141 89 15
113 456 9
449 398 13
498 237 16
77 477 8
241 335 1
160 179 1
350 457 9
49 450 1
121 313 20
163 450 12
142 437 8
265 200 18
121 62 20
88 458 15
192 16 17
120 180 18
315 234 5
240 325 10
237 457 3
142 449 15
209 456 2
225 85 9
148 477 7
270 458 9
438 477 7
114 456 6
179 488 11
111 477 12
80 205 4
148 429 20
239 112 12
178 458 8
112 432 10
345 477 11
114 450 20
37 222 10
450 457 1
120 458 1
434 49 4
9 457 5
50 456 20
148 469 3
9 469 16
112 450 10
112 437 8
76 229 9
142 448 5
268 304 11
76 450 5
327 477 20
142 437 4
110 449 11
270 441 6
269 450 20
172 477 20
270 456 12
80 450 8
88 387 8
75 469 18
446 477 17
114 238 13
472 448 9
450 458 10
104 90 1
209 269 20
114 449 18
209 437 16
114 437 6
456 469 5
449 463 12
141 119 11
240 177 9
141 456 20
150 267 7
268 457 15
143 437 19
268 477 4
89 437 4
458 477 16
121 43 10
148 90 3
237 277 11
36 448 5
112 449 20
369 175 12
429 437 3
9 450 1
172 477 4
90 19 19
299 450 2
238 437 17
208 235 10
90 450 17
21 437 12
90 448 11
456 188 3
458 488 6
148 477 15
179 448 18
111 449 19
239 457 1
121 469 18
219 450 19
438 449 14
91 457 5
112 429 4
448 456 17
150 477 1
141 234 9
449 111 14
156 457 6
117 209 13
122 238 17
179 241 5
9 449 18
77 449 20
118 477 7
75 7 14
112 469 8
149 445 15
382 457 5
469 450 12
358 448 5
124 146 5
113 448 17
209 429 8
121 82 18
77 478 20
429 113 12
210 457 2
43 448 18
241 477 1
141 491 19
249 458 19
270 117 2
36 159 1
459 437 17
268 328 12
208 477 13
314 450 3
172 380 6
110 95 10
432 429 20
111 277 15
239 274 2
469 448 18
119 457 10
76 429 16
150 107 9
469 384 7
90 364 7
161 429 16
142 305 2
429 313 7
89 497 3
120 449 2
111 449 2
10 429 4
210 458 12
113 429 13
365 214 18
89 78 10
318 458 6
353 477 15
114 152 9
179 429 18
172 450 4
161 429 11
148 37 19
118 450 12
110 45 8
9 113 8
172 34 14
270 459 6
80 448 20
183 196 17
269 64 5
204 286 15
450 171 13
111 303 7
270 314 10
179 477 3
239 76 3
209 428 1
306 300 4
143 429 3
477 448 7
142 469 5
270 365 2
148 437 13
255 238 16
114 237 7
449 182 1
141 457 6
208 448 10
142 366 17
89 56 6
179 129 4
270 449 19
237 459 1
119 450 10
121 337 9
145 218 18
362 437 5
88 73 17
75 45 13
110 469 19
158 417 8
280 469 6
443 43 6
79 458 3
284 449 19
240 449 14
121 456 9
47 450 10
226 450 3
280 448 5
110 429 12
179 437 8
210 477 4
239 54 15
143 437 20
238 458 15
375 405 15
148 469 2
430 469 13
105 345 8
179 457 12
118 121 12
210 448 15
241 429 17
449 426 9
399 118 19
9 429 13
237 449 6
347 450 13
112 310 5
269 437 17
172 265 1
257 10 5
90 448 4
237 334 16
268 195 17
298 469 7
119 437 11
208 299 1
77 449 16
408 216 10
237 469 12
426 469 15
149 448 4
38 448 17
33 458 9
257 450 5
269 225 10
75 124 2
125 477 3
240 119 14
450 188 8
111 456 20
210 429 6
299 121 11
399 57 4
429 148 17
241 213 7
477 456 8
392 448 11
9 255 9
302 429 1
142 458 8
112 205 4
450 437 4
46 448 20
118 408 1
142 136 19
148 448 14
121 429 14
117 213 19
16 458 7
202 450 20
299 437 7
88 469 15
156 19 18
394 449 15
89 477 14
208 186 18
426 429 14
448 179 5
448 477 18
142 450 1
239 449 11
209 449 11
121 448 6
119 456 15
143 456 15
270 437 14
241 449 12
241 457 1
385 450 13
471 448 8
241 437 10
418 65 9
268 444 20
268 115 15
179 404 1
88 448 5
120 238 9
119 449 20
458 450 11
478 437 17
241 469 15
10 469 13
172 232 11
110 457 4
268 449 20
429 483 14
172 449 15
150 477 15
208 8 14
242 449 7
149 270 1
141 398 6
141 5 12
396 337 18
407 229 12
117 469 19
226 469 5
143 92 12
150 437 4
89 113 18
77 449 13
469 424 17
1 476 12
214 448 4
282 437 14
121 498 1
241 457 6
427 458 19
269 448 5
210 458 15
360 118 10
34 448 18
241 81 16
142 429 11
387 437 17
242 458 13
168 449 9
121 437 13
143 361 20
141 477 2
149 141 16
111 437 2
238 477 18
32 437 13
149 429 9
239 20 9
268 448 4
9 237 14
27 429 4
194 449 2
270 469 13
17 239 1
90 469 4
77 477 2
437 458 4
141 458 2
241 437 1
241 456 13
117 479 2
299 143 7
179 23 1
210 83 20
112 457 11
88 448 20
179 429 9
9 456 15
210 477 8
110 469 19
483 260 11
119 206 13
76 448 6
267 448 17
352 456 1
108 469 17
241 457 1
249 458 20
149 75 7
236 448 18
189 458 14
213 437 8
88 477 9
45 323 6
208 395 3
325 458 3
9 448 4
269 429 8
143 450 18
403 458 16
141 456 14
77 375 8
340 149 16
118 477 4
114 184 20
327 469 20
76 58 5
270 268 16
136 437 7
269 16 13
268 449 7
9 149 4
43 429 6
149 456 19
402 337 1
456 392 14
370 429 1
230 456 4
118 477 7
172 120 14
149 199 13
450 448 19
179 449 1
368 457 7
269 437 13
270 309 3
80 223 8
88 449 7
209 450 14
179 143 18
150 450 1
463 449 17
387 324 17
179 450 6
120 469 3
429 487 14
142 456 10
467 317 9
61 88 1
179 416 16
429 469 6
241 237 10
89 450 20
90 269 11
270 450 6
172 220 12
186 437 10
380 15 1
126 213 3
113 456 18
143 231 14
456 370 11
456 477 9
234 101 3
469 141 13
299 449 17
90 474 1
449 89 18
179 448 18
241 477 8
450 407 2
142 469 6
270 450 15
270 477 6
120 491 3
185 449 6
400 456 7
193 477 19
172 456 11
143 313 6
202 377 5
429 437 17
282 457 20
90 477 18
257 449 8
8 9 9
121 282 8
429 377 14
237 450 14
90 143 8
77 429 1
179 268 4
292 448 5
240 477 15
216 455 19
98 240 7
268 456 8
270 44 2
479 263 16
33 77 9
115 437 13
118 448 4
75 437 6
199 286 20
265 70 4
416 456 20
179 469 8
27 437 7
286 457 4
88 437 6
110 429 11
436 313 1
9 477 3
243 236 12
77 371 13
404 242 3
393 467 18
113 456 18
387 477 14
437 458 4
210 469 18
117 457 6
75 458 17
457 429 14
464 268 17
111 429 8
355 242 6
448 429 12
241 430 12
270 469 19
477 424 7
72 152 4
290 437 8
457 241 13
450 149 2
375 208 14
456 477 1
237 456 8
346 268 2
268 448 15
448 55 9
481 437 1
241 39 17
110 59 14
89 449 11
135 477 16
88 299 6
112 177 14
89 450 11
88 496 9
121 437 5
110 112 4
245 452 10
112 477 3
142 75 16
149 458 19
440 448 2
169 448 8
448 477 5
332 456 16
269 457 19
119 456 14
143 172 2
268 437 16
117 142 6
119 95 16
270 194 6
121 437 13
231 449 13
315 461 15
342 390 9
240 141 17
166 457 14
238 429 20
268 408 12
355 116 19
209 457 9
426 429 6
120 448 11
118 456 19
240 232 9
179 211 17
117 97 1
114 239 6
121 206 5
142 429 17
117 161 16
121 450 1
150 448 19
448 419 9
36 238 3
210 477 15
456 390 19
422 469 1
112 60 12
310 437 10
179 458 6
239 179 9
288 457 12
80 477 15
179 361 10
85 116 13
240 429 19
117 448 6
209 117 19
442 237 4
449 272 17
0 469 16
77 457 12
119 477 9
77 409 7
114 448 11
111 457 13
30 148 12
112 304 5
172 458 12
113 449 6
249 449 11
378 450 8
350 450 8
112 437 20
225 450 17
182 469 13
77 450 17
141 375 9
76 205 10
114 448 8
205 15 15
208 469 8
407 450 15
53 437 3
112 469 15
9 458 20
43 448 12
270 477 4
449 456 6
210 456 3
114 457 3
397 186 1
318 448 10
158 457 5
301 469 20
256 387 3
460 469 1
270 92 18
268 456 7
375 238 4
456 248 11
113 51 20
469 171 17
190 215 1
111 477 2
178 456 13
106 458 8
77 64 19
239 450 20
210 450 11
329 141 5
437 451 9
179 364 5
119 456 5
298 238 15
299 456 14
299 199 1
494 458 18
238 80 7
9 448 15
196 448 20
458 437 4
9 469 14
189 457 17
111 318 5
452 429 4
170 457 4
89 457 18
149 449 14
48 122 9
148 458 9
208 179 16
75 437 1
324 477 5
132 449 19
149 448 10
456 448 18
179 450 6
77 261 1
143 458 9
238 448 9
437 450 10
18 449 12
457 90 16
240 449 19
149 141 1
179 65 2
89 477 2
237 457 6
80 230 15
143 450 18
84 450 1
75 477 13
247 148 12
210 477 9
80 458 16
454 450 19
238 429 14
118 167 16
75 477 18
179 301 12
95 440 19
450 437 14
429 450 11
75 429 4
88 469 2
150 330 13
77 299 20
77 449 15
120 154 19
237 429 6
281 371 4
113 450 19
57 437 1
358 448 20
106 437 8
429 469 9
240 457 14
150 448 19
139 66 17
149 142 16
273 429 12
60 450 17
262 457 4
120 477 13
179 469 8
77 268 12
271 347 6
149 469 15
89 437 5
208 128 3
372 269 18
113 456 4
246 237 3
239 175 20
432 437 18
71 376 15
9 477 3
299 116 20
237 477 3
63 431 3
142 245 16
89 249 17
114 263 4
208 234 2
351 450 11
377 469 18
241 74 6
450 73 1
437 429 10
29 437 20
141 450 6
47 449 4
381 457 17
299 449 8
111 224 10
210 415 20
152 456 3
440 437 1
470 429 20
76 456 17
247 353 5
344 211 15
150 429 16
119 262 13
437 61 10
90 191 18
66 458 5
158 469 20
381 456 10
150 182 9
241 15 11
179 164 7
237 458 2
142 449 3
449 239 6
88 453 7
90 27 11
135 237 15
377 283 2
179 92 17
141 437 13
238 448 17
29 450 17
489 456 1
208 449 15
429 450 9
148 450 18
111 73 7
17 317 5
231 448 4
54 477 11
480 469 14
299 450 20
456 449 16
112 276 3
445 358 3
210 9 7
210 429 3
208 76 17
469 220 5
149 437 1
240 421 14
120 272 4
445 456 2
143 67 9
238 389 6
450 452 11
179 165 15
268 456 10
469 437 17
335 268 11
114 450 16
494 469 14
368 449 6
117 243 5
114 209 11
210 167 19
142 448 14
90 469 8
278 477 5
150 457 19
120 450 4
371 450 18
450 437 16
457 120 5
209 420 6
90 457 5
489 341 20
238 457 3
299 456 7
336 202 8
333 179 2
119 450 1
208 327 19
366 429 7
449 59 8
75 436 12
269 226 14
121 449 14
17 477 15
269 429 20
291 150 11
117 327 15
121 450 18
170 469 17
270 458 20
150 437 10
111 457 18
171 456 13
89 429 16
141 221 17
238 469 4
270 136 1
104 203 17
307 429 2
374 437 17
141 456 15
199 450 18
183 156 13
99 69 17
141 449 3
89 448 11
234 456 16
477 258 19
30 458 2
112 457 16
90 456 3
429 467 16
145 26 1
150 450 8
291 477 8
300 477 9
208 339 10
157 32 18
28 114 16
75 449 5
257 115 20
88 49 2
75 171 4
43 456 10
429 193 17
238 466 20
448 456 19
339 437 17
429 253 5
237 448 9
469 459 4
25 198 7
429 456 8
120 477 4
48 477 4
248 445 3
88 246 10
238 469 9
450 477 2
116 456 12
217 477 15
186 450 3
458 462 11
238 418 4
120 458 2
446 196 19
121 136 14
111 456 17
477 136 20
208 444 8
77 496 9
270 469 1
77 214 17
458 223 15
497 376 14
88 457 10
239 450 7
12 448 15
346 163 20
115 194 15
241 456 2
150 456 11
390 197 14
14 437 4
237 411 4
450 423 10
208 429 12
268 457 8
121 450 1
119 238 19
120 449 6
57 428 16
121 437 5
110 80 15
253 239 1
367 126 4
198 450 18
397 68 7
192 242 13
88 477 20
179 469 17
148 250 14
111 325 20
431 480 11
83 369 4
112 456 18
133 48 2
179 477 11
380 356 12
89 458 5
30 62 16
142 9 17
473 469 14
80 456 4
239 441 20
118 457 1
361 119 10
393 450 9
279 469 6
209 269 2
149 449 15
80 152 4
150 458 17
243 456 20
149 77 19
77 449 19
403 210 16
117 406 13
117 58 4
238 52 11
114 449 13
117 6 7
88 99 4
76 469 8
75 270 6
111 469 19
463 449 7
226 118 3
209 450 18
179 187 20
450 456 12
325 466 10
118 89 3
255 450 15
90 239 15
95 82 18
148 456 6
172 450 16
471 429 4
89 22 18
237 252 6
437 450 16
209 450 9
270 437 8
176 450 15
465 226 6
119 23 1
166 477 18
448 68 11
226 437 7
88 448 3
84 437 14
112 469 15
150 477 16
210 283 16
9 457 15
241 437 15
269 58 18
239 230 17
150 450 2
123 450 9
118 323 5
413 269 4
241 429 1
179 469 3
240 136 12
141 452 13
338 458 7
272 421 11
114 458 11
148 449 14
117 437 15
449 344 10
89 437 9
75 429 12
469 456 20
121 477 6
149 469 4
148 38 6
75 448 18
344 477 5
141 456 2
477 121 12
179 190 20
208 474 18
33 45 15
237 340 16
239 458 12
110 172 20
80 450 16
209 445 3
199 69 10
416 456 1
195 86 10
209 457 7
282 456 4
270 448 6
4 456 16
119 458 6
209 9 16
429 477 7
449 477 10
237 457 3
456 400 1
307 437 18
392 80 10
120 448 10
265 448 17
238 177 15
6 109 13
281 337 3
80 458 14
469 448 8
208 419 20
179 448 6
450 90 3
143 450 4
113 196 9
111 209 5
462 448 6
183 63 17
376 429 20
150 91 12
112 429 17
148 477 19
113 450 19
138 448 9
117 429 4
270 456 3
205 429 14
266 450 1
240 458 2
283 448 6
319 282 20
222 469 19
91 458 3
77 469 12
208 8 4
210 458 11
299 469 20
172 82 3
119 195 7
221 469 7
208 325 11
16 116 6
429 450 20
121 269 14
269 429 7
141 469 11
120 429 17
241 458 10
179 71 8
338 469 1
88 449 15
271 457 1
88 448 11
269 179 8
245 448 20
237 450 19
366 450 12
46 110 3
76 216 19
437 42 14
247 456 5
414 306 13
268 450 15
468 168 16
142 469 9
347 458 15
111 192 7
237 364 14
87 469 1
457 427 14
208 448 18
269 265 17
68 469 8
238 157 7
61 429 7
141 450 1
269 448 14
269 457 17
39 225 5
209 241 20
59 202 19
208 20 6
464 458 2
148 448 8
179 477 19
239 16 6
269 429 1
120 457 20
241 147 6
477 469 12
118 346 10
47 264 8
249 74 13
437 449 6
77 448 18
120 454 2
349 448 14
213 439 2
112 458 3
93 456 17
148 429 13
210 437 19
149 216 16
88 469 20
7 469 7
85 175 9
307 75 15
437 458 17
437 448 14
179 449 7
269 448 18
112 437 10
121 113 16
120 436 6
148 274 15
463 239 12
121 49 19
209 456 7
349 448 12
142 457 4
290 437 5
201 450 13
170 469 15
429 437 4
100 471 2
238 450 19
450 469 2
148 208 17
143 414 10
247 437 12
299 448 14
80 449 12
310 437 7
76 477 7
120 469 4
241 339 15
412 450 17
240 449 17
213 430 14
150 429 11
269 477 17
297 449 17
58 457 7
450 143 5
44 458 20
469 126 15
143 456 7
117 299 13
118 133 8
143 477 6
172 437 1
6 377 6
270 331 14
308 477 15
75 334 6
143 457 10
208 457 16
88 457 13
203 477 11
450 429 16
262 448 15
268 350 5
228 469 13
258 169 11
299 449 7
111 449 20
450 88 6
237 437 19
412 106 9
150 210 20
205 468 12
76 222 11
445 52 2
24 458 5
487 117 6
414 477 12
328 79 1
456 211 5
120 457 13
142 448 20
143 449 7
77 449 18
170 457 14
83 429 3
78 456 10
142 386 6
179 9 6
119 416 19
483 246 11
89 449 12
209 303 12
64 247 18
104 457 10
118 450 9
320 458 8
189 477 20
408 477 1
45 477 5
11 450 18
90 437 9
148 50 1
237 332 9
457 18 16
142 96 3
448 469 11
233 472 5
114 356 18
113 477 15
179 450 17
179 114 15
268 457 15
456 448 12
239 457 3
364 229 17
429 423 10
118 457 3
268 448 7
179 469 13
241 267 10
143 457 16
41 469 1
239 429 18
54 457 19
210 311 19
51 469 16
241 450 8
76 469 15
158 437 18
76 449 5
90 469 13
119 80 12
76 477 7
410 469 8
88 77 7
149 437 14
120 149 7
193 225 8
157 73 11
208 477 17
117 424 11
141 458 5
297 462 10
20 437 11
239 469 9
120 456 2
288 77 14
89 456 13
212 50 10
238 458 3
23 457 20
72 469 14
456 449 5
159 448 19
210 449 4
121 429 16
142 449 9
476 450 3
71 456 17
141 457 7
439 477 2
77 448 15
117 448 13
243 163 6
117 450 1
89 456 1
4 450 3
496 156 1
342 268 9
90 6 6
80 457 15
57 448 5
75 476 11
101 458 17
290 77 4
120 113 20
179 458 6
420 429 4
144 469 9
89 150 16
80 155 16
111 350 3
270 5 18
240 469 6
299 429 4
114 456 14
268 437 15
439 287 4
387 444 9
488 437 11
209 70 3
130 469 16
299 141 19
141 458 3
76 450 6
3 202 18
141 469 10
172 292 4
241 450 18
355 456 6
434 456 7
179 449 5
424 477 18
324 429 10
83 437 9
90 469 2
332 270 9
238 457 3
237 448 20
362 448 5
237 24 8
172 450 19
143 94 8
150 186 10
224 450 20
270 457 18
80 429 5
170 38 11
245 429 13
210 429 19
143 429 10
224 437 18
406 435 2
148 201 20
238 171 10
209 456 7
35 120 3
408 168 1
209 458 8
172 450 19
120 448 8
477 439 3
280 240 20
335 278 13
241 458 13
112 458 18
52 429 14
437 469 14
120 106 5
460 283 14
113 457 3
458 429 11
150 241 10
113 9 15
198 437 10
269 215 15
9 402 6
437 458 13
179 91 14
185 469 17
93 216 18
143 456 10
270 469 17
289 490 8
238 456 13
231 458 2
111 469 5
458 456 19
239 469 14
148 154 6
380 437 20
240 449 18
208 74 7
293 224 4
148 190 19
9 492 17
485 429 11
62 448 9
80 469 2
141 239 11
270 148 13
149 238 10
456 477 13
142 123 14
210 469 10
110 335 2
208 469 7
412 469 17
75 448 16
117 448 6
269 448 4
210 385 20
93 206 17
237 437 15
219 361 3
270 469 5
301 469 3
332 309 18
477 469 17
150 450 7
449 456 13
87 423 1
241 456 15
113 469 11
114 456 19
218 36 10
237 325 3
179 429 20
238 131 5
241 458 15
179 197 7
75 477 15
281 450 4
110 83 12
142 250 1
450 269 1
75 449 4
141 456 10
89 456 10
90 458 14
88 210 20
269 469 18
76 456 8
344 306 19
179 425 18
77 477 5
494 427 18
117 477 6
35 449 11
371 437 11
215 210 9
142 456 11
429 457 16
90 369 17
208 8 8
149 456 5
466 448 1
208 246 19
302 406 15
239 89 1
53 404 11
447 429 17
9 457 9
456 459 15
5 105 7
199 3 3
179 492 20
247 180 8
477 437 9
121 437 7
148 258 9
112 429 16
296 449 10
241 429 14
77 477 1
149 458 16
110 450 10
123 437 5
150 448 6
461 429 16
437 57 20
157 89 16
80 450 1
293 416 19
121 449 2
179 477 13
9 429 19
208 396 15
110 379 6
91 469 11
