151 456 1
80 449 20
150 450 18
112 101 7
339 449 4
208 115 18
110 15 10
119 437 17
494 469 13
121 149 1
9 431 6
179 367 4
268 181 9
179 449 1
238 143 9
269 113 18
437 448 12
77 42 14
150 448 1
151 362 17
460 457 9
239 429 7
117 429 18
269 421 14
238 429 9
168 449 5
281 224 13
210 256 14
280 347 4
150 11 14
76 457 10
103 312 9
90 296 6
209 456 10
112 469 10
155 96 9
88 407 5
90 113 5
463 450 11
268 477 10
141 437 19
258 6 5
9 437 9
469 448 8
74 390 19
111 195 18
241 273 7
120 445 9
242 449 10
469 77 9
305 221 16
299 469 20
117 469 7
113 450 6
62 456 6
117 469 2
208 429 17
113 115 4
1 448 14
462 457 16
88 456 4
241 327 20
150 469 1
472 228 17
179 200 3
107 477 6
121 458 8
13 9 6
238 458 5
7 450 6
117 433 17
435 437 16
210 456 1
367 429 18
237 456 7
73 456 14
299 449 5
107 457 13
270 429 2
77 437 10
13 477 2
103 437 11
121 481 15
257 457 20
347 179 14
240 477 1
268 429 9
270 84 20
45 106 9
148 458 7
202 143 14
270 429 5
113 429 15
163 477 3
141 458 9
114 448 3
111 258 3
448 94 15
76 458 20
179 448 18
141 429 13
149 450 2
237 449 5
88 469 5
121 448 9
117 437 20
283 469 2
47 457 12
209 194 8
150 121 10
117 429 20
114 416 18
187 429 9
39 223 2
214 161 6
142 159 20
241 450 8
225 477 4
108 469 11
111 477 2
193 448 1
477 448 6
299 214 17
238 487 2
273 469 13
210 477 17
119 72 16
498 337 8
198 450 7
273 469 2
110 381 15
117 89 12
119 469 5
261 477 12
208 449 11
237 450 14
172 437 2
120 277 11
429 456 8
334 469 10
172 367 1
142 209 4
299 469 8
458 450 4
4 469 11
268 449 13
449 270 20
114 456 10
112 429 15
456 477 11
179 270 11
121 175 7
361 287 20
123 457 17
328 166 9
156 469 7
179 239 15
179 469 19
155 429 6
215 457 16
142 457 11
149 448 13
118 373 15
237 457 20
319 80 13
469 365 20
114 449 6
241 91 2
210 437 5
324 450 6
209 400 20
202 314 1
90 477 17
90 142 11
121 457 5
210 454 10
299 448 1
118 450 12
117 477 14
213 114 7
237 450 2
382 429 13
88 437 2
75 457 10
457 469 11
299 99 17
247 477 8
100 458 14
424 273 9
120 448 15
335 89 13
92 368 7
208 457 1
269 111 7
34 449 10
429 450 4
107 401 2
299 469 16
76 457 13
294 418 7
119 457 14
269 458 19
172 457 5
110 197 18
469 448 20
141 429 1
70 458 9
299 7 17
141 464 11
305 259 12
282 458 18
213 449 11
251 285 10
330 469 11
90 105 8
269 458 11
172 45 19
457 237 5
437 449 8
450 198 20
439 236 6
210 469 7
463 208 13
113 450 14
103 145 20
83 458 8
134 458 3
90 437 9
239 457 11
179 450 15
295 208 20
210 450 13
8 190 18
141 448 7
434 332 17
179 159 20
458 462 9
208 458 3
117 205 18
437 449 11
172 457 16
117 449 8
299 111 2
268 296 16
364 449 20
90 437 4
269 9 19
88 450 6
325 218 19
113 429 5
126 133 13
118 477 4
9 450 16
92 397 17
348 469 10
76 89 19
88 437 19
88 477 1
458 299 9
179 450 8
108 450 12
481 429 1
89 457 17
90 254 4
336 6 2
149 41 9
394 170 7
150 469 12
299 314 2
1 375 4
114 448 15
488 354 19
141 449 4
97 149 6
210 429 2
270 469 9
237 309 13
457 313 1
299 259 17
112 192 13
148 477 11
268 189 6
472 449 9
148 468 8
110 80 11
121 477 4
469 458 3
240 306 12
157 495 17
458 449 5
86 437 17
9 123 12
150 477 6
110 49 1
422 437 3
458 437 10
143 351 2
84 449 4
119 456 12
9 240 15
89 437 4
111 450 11
89 237 8
237 458 16
142 437 16
112 429 16
289 194 7
406 383 11
283 292 8
336 252 15
88 429 4
393 449 3
448 429 15
375 266 16
77 437 1
114 300 20
2 429 9
343 437 17
9 187 12
312 458 18
80 477 4
208 458 5
279 456 11
486 76 9
226 367 14
141 181 11
237 429 8
152 477 1
120 457 5
113 424 17
433 437 11
477 309 9
202 450 20
469 448 5
119 450 13
88 457 19
144 449 20
411 234 8
186 369 18
89 114 4
278 458 4
464 457 8
9 429 6
111 462 15
361 477 5
388 415 4
121 450 7
209 449 14
388 450 16
429 140 7
20 343 20
240 120 17
282 143 2
422 457 3
178 449 20
118 316 14
88 457 13
77 448 8
151 299 19
183 458 18
486 75 2
112 437 5
9 469 14
80 457 11
111 450 18
269 457 15
265 469 20
141 469 13
36 473 11
54 39 18
456 448 10
148 450 17
241 456 12
209 110 6
110 477 8
90 469 14
142 469 18
92 26 1
239 456 18
148 437 2
64 458 1
448 457 9
477 458 1
239 450 6
143 448 17
268 457 20
178 458 1
119 449 18
88 469 3
292 189 5
437 429 3
428 477 15
172 437 12
209 38 15
114 384 14
149 295 17
299 477 15
208 289 4
113 477 6
111 210 19
179 121 17
444 417 10
437 429 10
112 456 3
270 457 8
427 456 9
179 449 18
423 120 18
9 456 20
244 36 3
361 456 8
116 450 6
238 449 6
111 437 13
241 111 6
121 469 5
125 2 19
299 448 9
88 448 18
149 429 15
299 283 13
92 477 8
141 267 8
384 149 3
255 469 10
455 120 4
335 336 18
414 457 15
269 328 19
172 429 9
265 240 20
497 237 3
77 297 2
80 458 16
75 448 20
150 429 6
102 481 19
394 76 18
388 437 20
141 429 13
69 13 17
245 85 16
9 0 15
240 457 1
75 456 16
88 112 9
361 237 18
429 450 2
9 458 15
119 218 4
77 449 6
208 477 11
241 63 11
458 450 15
121 456 15
89 299 14
238 430 7
262 137 16
270 456 16
120 450 16
133 86 12
142 477 1
331 437 4
75 158 10
477 221 2
148 199 10
269 450 20
241 448 12
114 348 12
117 448 16
154 158 1
172 429 12
80 429 20
410 448 15
495 456 6
77 371 10
9 254 6
179 429 10
469 403 2
429 93 12
268 111 2
268 55 1
149 92 14
143 333 8
236 437 2
458 448 2
80 429 8
112 447 1
362 210 5
449 118 17
238 437 14
150 148 5
456 247 8
84 140 11
110 240 8
141 41 8
148 48 8
149 456 10
119 128 17
120 448 15
299 429 17
299 70 20
397 450 5
356 477 11
237 437 18
148 449 5
437 450 16
119 457 20
164 437 14
239 429 4
448 279 19
110 89 12
121 457 19
120 490 4
111 450 19
477 250 13
270 366 7
334 449 2
110 456 14
374 118 5
104 448 6
76 64 15
210 450 5
268 398 15
358 457 17
80 116 7
23 457 19
482 469 8
89 437 9
311 456 6
117 448 8
110 477 12
172 68 15
437 458 16
238 15 6
240 78 7
150 0 6
331 448 7
350 37 1
429 450 6
377 223 18
148 368 15
113 321 7
118 391 18
111 154 17
63 2 3
398 437 5
34 477 13
13 254 19
148 437 14
77 457 3
1 456 13
186 469 9
76 449 7
429 18 10
437 469 7
450 457 4
484 477 16
361 200 11
77 456 11
480 415 10
299 68 20
142 133 8
154 407 7
240 429 10
118 450 3
488 449 14
240 457 9
114 297 19
149 456 5
230 456 12
450 413 4
111 14 14
117 90 2
446 143 3
319 429 3
90 477 8
179 450 15
429 437 18
119 477 3
316 364 3
110 448 8
269 448 1
229 120 8
9 456 18
237 448 10
119 394 1
150 9 18
80 256 16
237 458 19
431 207 20
292 450 14
142 299 20
240 477 19
148 473 16
113 179 7
270 457 3
240 202 5
117 113 11
269 180 4
498 398 20
110 437 11
208 449 11
110 477 8
270 77 3
120 458 15
149 458 4
90 477 19
88 153 13
268 448 18
120 39 9
75 477 9
285 458 10
7 449 4
428 450 11
121 269 19
268 221 4
135 469 4
209 47 19
469 457 7
179 437 20
469 450 10
188 398 4
240 412 7
239 457 1
175 477 12
141 457 4
26 110 10
238 477 18
149 469 18
241 77 15
499 458 7
269 457 9
238 456 11
326 121 17
457 149 6
119 449 14
299 109 20
239 448 6
89 225 8
120 76 5
449 457 9
315 457 13
172 457 20
120 486 14
77 437 7
80 224 20
457 469 20
90 450 15
416 437 1
269 491 4
239 450 1
209 191 12
350 458 19
469 80 14
179 458 13
111 458 5
241 239 12
122 456 2
399 450 11
112 457 18
118 477 6
186 199 20
264 449 12
179 449 11
235 456 3
113 41 17
299 469 6
466 458 10
90 237 7
120 458 5
118 469 16
77 153 13
359 456 17
88 240 6
121 238 15
75 361 7
362 17 18
149 448 15
121 145 14
497 374 20
77 469 10
141 446 16
209 437 16
68 437 1
181 212 6
241 457 7
435 458 2
241 75 9
449 112 11
114 268 1
405 429 14
120 477 14
75 456 7
445 457 5
215 456 13
173 458 13
84 457 1
141 477 9
179 340 13
89 429 18
240 449 8
117 458 10
268 420 15
88 458 13
336 448 16
24 171 15
437 450 16
248 448 2
210 429 10
456 448 15
240 358 20
242 448 15
90 449 17
141 437 14
121 458 10
429 172 10
90 450 14
239 458 12
77 249 13
238 489 8
418 477 6
114 450 2
142 448 11
473 469 10
119 449 13
113 366 15
458 429 4
269 469 12
353 458 11
118 109 12
208 193 9
269 485 12
241 456 13
420 448 13
141 437 1
299 81 11
54 469 3
110 25 1
209 324 15
118 263 13
142 129 14
77 209 2
344 448 11
449 276 17
143 450 6
371 6 14
77 450 6
62 121 7
4 456 10
460 457 2
210 491 6
77 42 6
172 391 2
114 477 5
366 450 17
429 268 10
155 449 7
119 150 12
90 456 4
404 261 19
121 457 7
110 457 7
150 455 7
110 238 3
89 486 9
477 318 3
241 450 17
120 457 19
237 457 19
213 448 1
1 469 17
77 125 1
89 160 12
495 429 12
75 379 5
118 428 5
143 109 12
113 192 15
477 246 12
64 449 20
457 166 11
111 94 14
89 458 3
499 295 14
470 143 4
241 321 12
210 448 12
89 112 13
439 437 14
77 449 18
85 348 12
450 398 18
179 450 2
440 450 7
179 458 8
459 76 9
239 297 5
172 393 8
88 448 7
429 412 1
386 474 11
172 448 11
113 458 13
112 477 11
469 458 2
142 217 8
239 450 10
119 462 14
258 191 6
88 388 1
450 448 12
237 477 14
347 39 4
111 456 2
92 456 11
85 477 18
457 469 17
121 400 10
89 2 19
172 448 5
88 479 15
237 457 9
119 284 18
141 477 5
113 178 17
423 284 10
106 88 1
141 456 6
304 477 1
118 469 7
179 457 2
241 458 20
405 270 11
145 131 1
141 437 1
456 448 17
120 309 15
458 100 9
121 437 4
142 437 13
117 143 11
184 9 1
220 448 6
111 301 16
379 218 11
208 449 2
35 448 16
136 429 13
121 437 3
88 378 16
113 0 4
312 449 7
141 457 18
209 437 11
10 457 19
282 420 19
447 107 16
378 75 5
111 469 6
362 113 2
239 458 11
120 450 20
377 458 8
300 450 1
11 144 4
497 52 19
149 108 4
114 456 6
149 449 7
448 373 18
240 449 7
410 268 16
263 449 8
270 469 16
76 457 4
208 437 8
412 429 7
110 481 6
448 469 16
267 457 14
208 112 8
210 449 10
210 456 10
169 455 16
255 448 10
378 477 9
208 456 10
324 457 20
128 469 19
143 420 13
445 22 8
269 456 11
90 318 1
76 304 20
118 456 10
456 88 14
241 450 8
215 458 1
237 456 13
121 450 19
210 307 4
299 456 9
240 449 5
448 469 20
117 448 2
120 429 1
120 469 11
210 135 3
237 367 15
141 457 7
208 437 1
237 450 11
143 429 20
231 429 19
238 456 16
114 358 12
76 433 17
469 477 16
469 253 15
398 450 14
269 437 8
142 495 3
179 450 4
299 448 20
268 448 19
270 34 1
240 129 19
255 136 17
172 437 6
434 450 1
477 437 10
111 87 12
437 9 13
466 477 15
299 30 17
121 88 19
269 387 1
484 88 5
185 423 20
320 457 15
239 437 6
110 456 16
210 450 16
327 449 17
288 165 5
117 456 19
179 450 20
209 437 4
148 449 5
143 27 14
299 448 12
456 449 12
149 448 6
179 67 20
26 458 12
150 368 2
465 449 17
77 457 4
268 437 3
208 448 2
90 449 8
180 409 10
208 456 18
148 121 5
191 437 14
140 276 19
182 456 3
120 456 17
239 456 18
240 450 18
172 496 13
76 449 15
142 437 5
210 437 13
142 450 18
356 449 6
75 50 11
80 449 4
119 469 20
141 449 11
124 469 5
9 275 14
113 477 9
89 429 13
456 448 7
118 469 10
240 449 17
150 457 17
89 450 18
337 437 3
237 450 6
458 112 20
76 448 18
112 477 3
201 449 10
179 450 19
123 158 9
9 25 10
3 119 4
89 281 14
80 287 13
119 429 7
89 457 15
113 429 6
208 458 14
117 429 3
382 458 11
210 437 14
331 457 3
457 426 3
9 458 14
83 313 16
209 450 18
120 458 3
90 437 12
270 449 13
90 449 12
403 457 19
436 370 9
80 437 14
210 449 15
486 437 9
75 195 19
9 477 20
268 450 15
119 189 7
241 457 12
90 238 6
179 457 19
143 120 9
237 416 10
9 429 12
149 456 10
458 448 2
213 18 6
270 429 7
142 477 14
323 360 3
75 114 13
70 115 11
142 458 6
453 111 1
141 344 7
9 469 20
2 240 15
281 448 18
111 437 19
90 266 7
76 437 8
172 418 9
341 458 10
142 448 17
77 13 5
377 429 11
114 210 10
276 71 18
112 458 1
179 187 12
180 456 4
77 458 17
237 221 15
120 437 7
112 429 9
215 250 3
269 185 4
80 448 3
461 254 13
8 429 1
261 456 14
208 477 4
227 437 11
114 241 20
77 79 15
9 469 9
75 449 1
90 418 2
150 457 11
143 268 10
141 485 15
448 437 12
119 449 19
458 187 15
88 448 17
269 450 19
269 448 6
80 450 10
80 81 15
449 458 7
145 265 19
90 469 18
239 320 13
394 477 9
448 76 15
484 110 10
267 59 15
240 437 5
90 93 8
179 322 15
9 134 3
88 429 5
114 469 10
379 477 12
179 448 14
399 41 18
156 457 15
404 440 4
143 437 3
112 90 14
239 90 2
238 165 10
77 469 5
118 236 2
90 429 15
179 437 2
206 75 5
299 457 9
121 477 4
88 450 16
88 457 2
226 448 18
162 456 17
97 429 4
119 456 9
194 456 16
119 49 19
432 269 3
428 437 8
183 456 14
9 449 14
324 477 8
161 248 1
89 155 12
129 457 12
429 295 13
121 450 9
154 493 9
141 429 17
299 112 5
241 105 1
120 227 9
114 204 14
118 141 15
214 448 8
149 80 17
64 457 8
9 450 19
469 143 16
239 456 13
241 34 8
228 89 17
316 469 15
143 349 13
113 456 5
183 437 8
207 437 10
450 1 13
172 435 6
172 295 8
63 383 14
241 448 2
213 449 16
132 111 1
429 456 15
269 469 9
34 450 8
189 469 10
113 208 14
110 469 13
477 382 8
53 437 16
239 458 6
462 456 12
118 456 11
268 448 2
117 264 4
469 450 11
240 494 8
142 456 3
80 458 2
299 448 18
60 5 12
116 244 15
241 449 10
21 448 20
76 477 13
9 448 4
173 325 6
457 33 11
107 437 3
77 221 13
93 469 8
172 469 9
111 448 11
395 326 10
88 456 5
414 435 13
181 448 13
5 124 6
143 449 11
238 128 16
179 450 4
89 143 2
429 448 10
240 437 17
390 149 3
111 458 14
237 448 2
208 449 3
199 127 13
90 369 1
114 450 11
450 381 6
76 150 19
161 437 10
214 312 18
270 437 8
270 493 7
112 469 7
448 490 11
90 458 4
299 469 6
469 223 20
357 456 10
76 437 16
108 409 10
118 456 8
111 458 17
113 132 18
195 458 7
75 456 2
90 429 10
437 370 7
392 450 5
259 450 5
208 450 7
209 456 12
185 449 15
133 429 16
340 104 7
120 70 12
121 11 11
477 202 11
119 9 13
287 477 17
37 398 10
420 336 9
458 448 20
77 420 13
75 477 4
179 141 2
350 46 2
286 448 1
117 477 19
76 448 15
325 469 2
355 429 15
238 450 4
469 450 12
111 437 20
75 261 19
120 88 10
465 450 18
448 469 18
110 469 1
238 450 15
269 458 7
110 443 11
208 206 2
31 456 16
363 420 16
349 457 16
71 458 12
45 141 4
434 448 16
2 8 3
208 449 10
344 477 1
118 261 7
9 458 20
458 110 8
172 450 10
452 456 17
145 274 6
238 457 17
432 456 15
77 456 11
470 150 11
63 449 14
65 59 9
143 36 8
412 456 14
241 418 12
112 299 17
324 450 19
237 477 19
143 117 1
360 388 15
209 457 8
269 220 4
237 469 20
118 111 5
429 450 10
80 477 14
281 449 18
492 37 10
25 148 18
83 390 2
237 457 9
449 437 11
112 437 2
75 155 4
238 70 7
407 496 7
209 477 10
196 469 8
165 469 5
107 429 8
448 387 20
237 117 1
80 252 20
238 456 19
170 469 13
120 450 16
114 469 17
457 448 4
448 458 3
111 450 9
411 467 14
473 477 6
238 437 8
270 448 9
149 448 11
123 330 1
112 449 12
290 143 16
270 304 7
449 479 6
11 209 16
80 90 1
112 457 10
450 437 5
179 110 9
77 460 2
75 419 9
239 443 11
209 457 3
126 246 7
172 449 9
269 160 15
9 76 8
448 457 8
477 110 13
477 449 5
458 358 13
126 79 17
88 458 12
271 437 13
111 193 5
92 457 4
308 373 3
52 449 13
270 429 14
456 458 5
209 182 10
334 449 12
270 448 6
497 115 2
179 429 15
299 458 4
215 88 14
241 437 19
237 373 4
114 456 4
237 429 3
111 458 3
62 449 20
241 469 16
150 477 16
117 429 10
142 456 15
239 456 5
180 437 7
179 437 16
200 498 4
313 331 7
92 448 3
172 429 7
143 450 15
121 450 13
143 450 9
196 469 10
447 456 14
148 317 19
167 248 13
209 121 11
113 458 1
13 456 14
297 429 18
77 221 2
75 448 1
236 457 4
315 2 2
110 477 11
113 238 2
112 477 4
241 437 11
250 477 19
119 386 11
209 458 1
15 4 14
270 449 8
354 165 12
120 15 2
142 458 1
148 350 13
421 450 4
77 437 18
240 155 19
23 477 11
143 429 15
456 469 17
449 437 12
88 457 9
119 469 13
220 429 1
469 403 19
182 437 12
231 477 15
455 458 11
238 56 4
477 449 8
484 477 19
210 477 13
209 429 6
90 193 7
448 457 5
101 485 16
143 345 11
119 449 20
190 203 7
112 128 9
410 335 12
77 429 5
360 470 18
209 437 16
143 456 11
111 458 20
120 437 10
120 448 12
114 456 6
268 469 16
439 437 16
308 457 2
172 429 13
59 429 19
299 143 13
120 469 13
210 448 6
243 289 1
179 456 3
119 458 13
443 457 7
9 457 16
280 429 11
114 437 16
111 469 10
179 437 2
179 265 17
121 315 20
294 269 9
172 477 6
320 499 7
270 456 6
212 394 2
148 457 4
184 457 16
114 458 11
113 456 14
90 437 10
118 448 14
268 458 17
9 437 16
466 225 8
113 477 17
150 448 17
110 469 8
448 450 3
429 477 13
420 13 17
89 34 1
76 104 8
458 128 19
280 437 11
76 469 19
238 448 13
110 449 5
75 120 2
88 277 1
121 477 9
225 477 3
172 450 12
237 90 3
121 450 12
76 429 3
448 210 4
270 458 4
208 215 12
423 450 12
265 437 10
87 437 5
119 458 19
385 210 4
75 486 3
269 456 1
270 449 13
458 448 17
142 119 5
77 477 15
28 456 20
179 192 19
289 449 2
141 458 8
429 477 18
388 257 19
269 448 17
448 30 11
142 437 5
36 451 18
355 456 10
77 192 9
239 448 15
240 456 13
118 449 20
237 456 14
142 353 19
118 296 10
121 267 4
458 477 14
112 458 17
157 118 6
80 448 11
150 437 15
316 357 11
241 183 1
208 424 1
141 456 7
437 247 15
210 449 1
148 250 6
489 477 11
429 237 17
9 469 15
448 458 19
270 40 9
112 389 19
80 199 2
77 268 5
268 456 15
270 463 12
75 252 1
148 29 13
449 172 4
150 118 19
94 254 8
237 458 18
316 448 13
418 142 20
80 469 11
75 458 19
113 429 12
457 287 11
118 458 15
117 456 7
240 143 17
269 450 14
429 144 9
210 239 5
148 437 12
163 450 10
179 395 13
119 469 6
150 469 18
148 458 8
172 457 15
89 437 6
164 448 11
439 427 5
54 373 2
110 439 8
38 456 2
0 345 15
240 449 2
269 457 11
142 82 3
333 383 17
114 449 13
450 148 11
164 399 17
80 353 7
89 449 1
269 450 16
456 458 7
80 196 19
169 150 4
157 437 7
383 277 8
143 46 14
270 457 2
297 448 9
339 477 6
179 437 14
76 437 3
56 449 7
179 399 2
210 469 16
181 458 12
117 121 1
201 469 9
371 199 8
240 448 3
121 457 7
369 449 17
394 437 1
9 450 9
241 469 9
299 446 12
90 456 16
285 458 8
148 449 5
268 116 3
111 449 1
117 54 12
241 450 10
120 458 13
119 469 13
456 76 7
89 353 19
141 429 10
263 437 10
172 458 15
112 449 17
209 276 5
450 478 11
438 76 3
225 458 16
9 437 12
112 458 15
285 487 3
209 59 4
268 437 5
114 456 8
210 448 13
120 449 17
7 429 20
120 457 3
120 457 8
10 307 6
165 425 1
269 450 12
299 495 19
237 469 1
112 450 10
148 114 20
96 253 18
80 450 7
240 450 7
110 457 3
241 119 12
437 448 17
234 450 11
458 469 2
113 129 12
88 448 1
457 367 5
463 234 9
179 80 12
195 450 16
345 456 10
87 449 12
90 448 15
493 469 19
456 115 4
272 448 1
47 92 5
149 429 6
429 278 3
121 305 5
461 458 5
142 2 6
299 209 10
112 68 4
457 9 10
283 457 1
377 301 15
139 458 9
149 437 11
240 117 4
172 448 5
119 256 16
112 136 16
208 429 11
179 429 12
449 14 8
150 448 19
244 456 9
51 449 4
141 458 11
142 56 20
299 477 5
299 357 7
120 106 3
451 449 20
456 450 5
439 330 6
240 456 3
117 439 16
457 199 10
120 263 2
486 285 12
252 79 9
114 76 16
190 469 12
346 457 19
429 457 16
299 24 3
179 205 3
121 460 15
91 429 7
242 468 9
253 324 12
9 456 8
429 448 19
50 449 16
143 11 3
268 477 20
77 148 8
268 469 9
269 250 1
208 235 12
269 429 10
111 149 16
143 56 9
437 274 5
397 457 11
381 477 19
88 396 11
110 448 6
311 469 14
270 450 17
269 458 16
432 456 15
80 162 2
236 390 18
210 449 16
179 469 20
450 312 14
113 148 7
238 466 11
80 449 18
112 268 6
209 59 8
210 448 20
314 437 5
477 362 5
118 206 18
149 429 2
127 448 3
444 437 12
141 429 9
77 225 16
149 477 5
48 27 5
117 458 2
142 390 13
142 242 8
187 111 6
179 469 6
86 80 10
172 450 1
121 458 3
210 179 12
173 477 18
149 116 16
235 113 18
172 450 4
225 442 13
117 448 2
323 63 11
141 456 6
80 5 20
457 143 9
237 469 5
498 449 5
112 469 3
299 457 5
303 187 18
113 208 3
141 456 20
329 456 12
113 458 2
239 437 8
388 449 15
121 469 19
121 197 9
148 299 13
262 456 1
318 397 1
112 429 11
179 199 15
118 241 13
448 33 5
484 358 17
73 133 18
269 458 5
88 101 19
121 9 20
75 449 5
302 456 10
241 437 16
142 448 8
449 456 16
299 77 19
172 450 8
195 429 17
208 437 13
239 450 9
493 235 12
80 456 7
223 240 14
71 458 13
469 35 7
32 437 5
119 437 7
172 429 6
148 390 11
240 477 16
208 270 12
141 448 20
269 148 12
409 437 14
179 300 13
450 457 12
172 417 9
429 458 1
483 40 19
116 437 13
118 456 1
89 457 15
90 190 9
268 448 7
106 69 1
148 492 7
114 469 9
426 457 9
458 448 6
209 240 18
172 477 19
270 79 10
120 437 5
112 241 3
310 73 12
80 449 6
114 458 20
142 73 7
141 185 20
485 160 7
429 469 8
20 90 17
299 118 3
112 450 6
150 458 11
118 338 7
208 457 3
150 477 18
119 477 3
237 457 3
209 456 10
448 458 6
148 150 3
172 451 17
11 203 1
75 449 11
75 112 5
268 165 16
437 448 19
118 157 1
208 458 1
240 448 9
153 449 10
299 429 11
298 211 7
149 230 7
77 369 11
469 457 2
118 125 15
448 361 7
149 437 4
244 286 13
89 450 11
88 457 12
241 437 7
88 448 13
141 309 11
251 419 6
114 269 12
143 469 8
80 42 5
268 252 20
148 56 4
238 450 14
48 449 16
241 450 16
270 70 13
437 448 11
143 450 18
240 457 4
465 457 12
487 469 16
181 457 8
315 457 10
457 450 2
113 449 14
241 121 3
141 429 10
119 141 18
131 456 11
113 449 18
150 200 12
429 457 14
148 450 4
179 458 19
117 253 14
237 477 13
89 112 12
270 477 18
450 437 11
18 164 16
269 456 19
241 449 18
240 461 12
461 24 17
119 457 20
210 170 18
253 448 15
414 457 13
110 450 12
374 458 18
491 179 18
172 179 6
119 457 15
76 458 1
210 429 8
141 429 2
143 477 13
371 32 8
117 450 6
88 380 11
183 74 13
395 277 16
458 142 10
342 448 20
210 458 3
148 450 5
417 458 12
237 437 10
457 492 11
461 477 15
477 475 12
210 339 19
437 341 10
328 458 3
113 437 10
80 429 8
80 437 9
89 76 12
299 182 4
209 449 5
75 376 8
179 429 8
237 456 5
121 449 8
84 429 1
270 477 9
320 456 10
112 429 13
88 263 8
80 457 4
270 175 6
110 469 8
148 448 4
172 368 14
240 434 10
148 456 12
237 459 14
113 477 1
179 458 2
214 376 12
434 397 14
211 89 3
