47722 50199
29952 36322
105038 16294
17450 196936
179943 178472
116329 150934
92131 70066
148751 43906
74101 84986
51977 52601
23911 165544
63242 31516
73741 21706
56945 56923
100654 148808
153935 38368
14465 123332
62104 165864
21196 129911
181695 11639
112569 165814
166496 72327
4714 119624
62700 62704
163195 14134
89072 64705
85297 54592
54594 59461
53256 36063
26616 56275
60643 243929
228427 188920
3459 12876
136665 188034
93719 1369
162466 180428
222055 65364
128530 38368
46083 17310
30243 22092
22712 81009
168651 156782
89328 181179
243370 49148
48194 48851
192675 192832
209561 53839
48708 593
8475 55057
52980 32141
9964 38368
13351 5336
116329 53819
173121 63925
209561 155448
109389 65045
157104 7656
49858 48628
115164 228026
7029 7008
113305 176682
61284 136530
211521 238955
209723 231283
2459 6928
168390 81782
167454 13953
15880 109908
198985 194698
105419 3317
96397 108553
229601 20693
4491 43558
113305 176682
7235 215085
44501 135700
48605 68134
40921 135706
84173 7668
235170 79117
43006 31406
53988 145665
44133 167644
13351 5336
1114 187355
198088 13022
19854 19866
235804 200027
11564 12420
100764 51141
70941 70808
4716 146835
204309 186336
39443 7765
56030 15652
52679 123188
209723 87654
183071 240146
18086 163780
66701 5336
67759 68323
48708 593
96621 18513
4276 128874
47645 169869
26307 813
5458 82135
104695 58497
227662 31701
78352 182972
67604 67587
15807 15817
242836 98791
53403 54870
16059 146380
42819 43657
140800 222310
68351 116329
133928 20231
64848 115847
32079 129400
34663 38368
233746 15058
139482 138799
116189 116967
136309 151707
122825 9881
87765 71058
27876 3466
45449 7949
320 73477
52097 20864
48133 53157
58906 5335
64567 68596
11929 43779
175191 3981
186500 157935
177141 181045
176963 54306
229717 113160
209561 102559
32268 52930
77531 237937
71081 17762
101838 11932
211705 93121
235473 9110
202506 60549
59332 176744
64561 4258
64561 113576
47302 46439
75464 241825
158926 58153
103515 21502
120066 117202
45784 146019
44549 96509
209561 68596
17365 137601
32162 154426
69518 80409
33506 29554
220395 76192
139043 19932
50031 142457
21257 6886
89393 235688
58689 9645
153373 83269
244423 737
156586 73971
153675 13264
48436 36048
16357 9198
151894 51739
132693 52470
53150 51867
139086 91411
170758 53253
95449 213417
82873 5336
49847 120066
161853 83629
116329 171621
143559 24801
242524 117910
68596 21208
116329 18450
6061 106196
55574 150007
55077 76716
129926 129911
31803 31835
176095 27283
206376 183527
235379 206804
19611 20170
105258 185754
