500
2101 2001 5 15
2101 2102 5 5
2101 2201 6 12
2102 2002 6 12
2102 2202 6 18
2102 2103 5 5
2103 2104 7 7
2103 2003 6 12
2103 2203 7 14
2104 2105 5 5
2104 2204 7 14
2104 2004 5 15
2105 2106 6 6
2105 2005 7 7
2105 2205 7 7
2106 2107 6 6
2106 2206 6 18
2106 2006 7 7
2107 2207 6 12
2107 2108 7 7
2107 2007 7 7
2108 2008 6 18
2108 2208 6 12
2108 2109 7 7
2109 2009 5 15
2109 2110 7 7
2109 2209 5 15
2110 2010 7 14
2110 2210 5 15
2110 2111 6 6
2111 2112 7 7
2111 2011 6 18
2111 2211 5 15
2112 2113 6 6
2112 2212 7 7
2112 2012 5 10
2113 2114 7 7
2113 1111 7 21
2113 2013 6 6
2113 2213 6 18
2114 2115 6 6
2114 2214 7 21
2114 2014 6 18
2115 2215 6 18
2115 2116 7 7
2115 1109 5 15
2115 2015 6 6
2116 2016 5 10
2116 2216 7 21
2116 2117 5 5
2117 2017 5 10
2117 2118 5 5
2117 2217 6 6
2118 2018 5 5
2118 1116 5 5
2118 2218 5 5
2118 2119 6 6
2119 2120 6 6
2119 2019 7 14
2119 2219 6 12
2120 2220 5 15
2120 2020 6 12
2120 2121 6 6
2121 2122 7 7
2121 2221 6 18
2121 1102 7 7
2121 1101 5 15
2121 1108 7 14
2122 2123 5 5
2122 2222 6 18
2123 2124 7 7
2123 2223 5 5
2124 2224 5 5
2124 2125 7 7
2125 2225 6 12
2125 2126 7 7
2126 2226 5 5
2126 2127 7 7
2127 2128 7 7
2127 2227 5 5
2128 2129 6 6
2128 2228 7 7
2129 2130 6 6
2129 2229 7 14
2130 1112 6 12
2130 2230 5 5
2201 2202 7 21
2201 2301 5 10
2202 2203 5 15
2202 2302 7 21
2203 2303 6 12
2203 2204 5 15
2204 2304 5 10
2204 2205 5 15
2205 2206 5 15
2205 2305 7 7
2206 2306 6 18
2206 2207 6 18
2207 2208 7 21
2207 2307 6 12
2208 2209 5 15
2208 2308 6 12
2209 2210 6 18
2209 2309 5 15
2210 2211 5 15
2210 2310 6 18
2211 2311 5 15
2211 2212 6 18
2212 2312 6 6
2212 2213 6 18
2213 2214 5 15
2213 2313 6 18
2214 2314 6 18
2214 2215 5 15
2215 2216 6 18
2215 2315 5 15
2216 2217 6 18
2216 2316 7 21
2217 2218 5 15
2217 2317 7 7
2218 2219 5 15
2218 2318 5 5
2219 2319 5 10
2219 2220 7 21
2220 2320 7 21
2220 2221 5 15
2221 2222 7 21
2221 2321 6 18
2222 2322 5 15
2222 2223 7 21
2223 2224 6 18
2223 2323 5 5
2224 2225 5 15
2224 2324 6 6
2225 2226 7 21
2225 2325 7 14
2226 2227 7 21
2226 2326 5 5
2227 2327 7 7
2227 2228 5 15
2228 2328 7 7
2228 2229 7 21
2229 2230 5 15
2229 2329 5 10
2230 2330 7 7
2301 2302 6 12
2301 2401 6 12
2302 2402 7 21
2302 2303 5 10
2303 2304 6 12
2303 2403 7 14
2304 2404 7 14
2304 2305 7 14
2305 2306 5 10
2305 2405 7 7
2306 2307 7 14
2306 2406 6 18
2307 2407 6 12
2307 2308 5 10
2308 2408 6 12
2308 2309 7 14
2309 2310 5 10
2309 2409 6 18
2310 2410 7 21
2310 2311 6 12
2311 2312 5 10
2311 2411 5 15
2312 2412 6 6
2312 2313 5 10
2313 2314 5 10
2313 2413 6 18
2314 2315 7 14
2314 2414 7 21
2315 2415 5 15
2315 2316 6 12
2316 2416 7 21
2316 2317 7 14
2317 2318 5 10
2317 2417 5 5
2318 2418 7 7
2318 2319 6 12
2319 2320 7 14
2319 2419 6 12
2320 2420 5 15
2320 2321 6 12
2321 2322 6 12
2321 2421 6 18
2322 2323 7 14
2322 2422 5 15
2323 2423 6 6
2323 2324 5 10
2324 2424 7 7
2324 2325 5 10
2325 2326 7 14
2325 2425 6 12
2326 2426 5 5
2326 2327 6 12
2327 2328 7 14
2327 2427 5 5
2328 2428 7 7
2328 2329 6 12
2329 2330 5 10
2329 2429 7 14
2330 2430 6 6
2401 2402 5 15
2401 2501 7 14
2402 2403 5 15
2402 2502 5 15
2403 2503 5 10
2403 2404 6 18
2404 2504 5 10
2404 2405 5 15
2405 2406 6 18
2405 2505 7 7
2406 2506 6 18
2406 2407 7 21
2407 2408 7 21
2407 2507 6 12
2408 2409 6 18
2408 2508 5 10
2409 2410 5 15
2409 2509 7 21
2410 2411 6 18
2410 2510 5 15
2411 2511 7 21
2411 2412 6 18
2412 2512 7 7
2412 2413 7 21
2413 2414 7 21
2413 2513 6 18
2414 2514 5 15
2414 2415 7 21
2415 2416 7 21
2415 2515 5 15
2416 2417 5 15
2416 2516 7 21
2417 2418 5 15
2417 2517 6 6
2418 2419 7 21
2418 2518 5 5
2419 2519 5 10
2419 2420 7 21
2420 2520 7 21
2420 2421 7 21
2421 2422 5 15
2421 2521 5 15
2422 2522 7 21
2422 2423 6 18
2423 2424 5 15
2423 2523 5 5
2424 2425 5 15
2424 2524 7 7
2425 2426 5 15
2425 2525 6 12
2426 2427 6 18
2426 2526 7 7
2427 2527 6 6
2427 2428 7 21
2428 2528 5 5
2428 2429 5 15
2429 2430 7 21
2429 2529 7 14
2430 2530 5 5
2501 2502 6 6
2501 2601 7 14
2502 2602 6 18
2502 2503 5 5
2503 2504 5 5
2503 2603 7 14
2504 2505 7 7
2504 2604 5 10
2505 2506 5 5
2505 2605 6 6
2506 2507 5 5
2506 2606 6 18
2507 2607 7 14
2507 2508 6 6
2508 2608 7 14
2508 2509 6 6
2509 2510 7 7
2509 2609 5 15
2510 2610 6 18
2510 2511 6 6
2511 2512 5 5
2511 2611 7 21
2512 2513 5 5
2512 2612 5 5
2513 2514 5 5
2513 2613 7 21
2514 2515 7 7
2514 2614 6 18
2515 2615 6 18
2515 2516 5 5
2516 2616 5 15
2516 2517 5 5
2517 2518 5 5
2517 2617 5 5
2518 2618 5 5
2518 2519 7 7
2519 2520 7 7
2519 2619 7 14
2520 2620 6 18
2520 2521 6 6
2521 2522 7 7
2521 2621 6 18
2522 2523 5 5
2522 2622 7 21
2523 2623 7 7
2523 2524 6 6
2524 2624 5 5
2524 2525 6 6
2525 2526 6 6
2525 2625 5 10
2526 2626 7 7
2526 2527 5 5
2527 2528 5 5
2527 2627 7 7
2528 2628 6 6
2528 2529 5 5
2529 2530 7 7
2529 2629 5 10
2530 2630 7 7
2601 2602 7 14
2601 2701 7 14
2602 2603 5 10
2602 2702 6 18
2603 2703 6 12
2603 2604 5 10
2604 2704 7 14
2604 2605 7 14
2605 2606 5 10
2605 2705 7 7
2606 2706 7 21
2606 2607 6 12
2607 2608 5 10
2607 2707 5 10
2608 2609 6 12
2608 2708 5 10
2609 2610 5 10
2609 2709 5 15
2610 2611 6 12
2610 2710 6 18
2611 2711 5 15
2611 2612 6 12
2612 2712 7 7
2612 2613 5 10
2613 2614 5 10
2613 2713 6 18
2614 2714 6 18
2614 2615 5 10
2615 2616 7 14
2615 2715 5 15
2616 2617 6 12
2616 2716 7 21
2617 2618 6 12
2617 2717 6 6
2618 2619 7 14
2618 2718 6 6
2619 2719 6 12
2619 2620 5 10
2620 2720 7 21
2620 2621 5 10
2621 2622 7 14
2621 2721 7 21
2622 2722 5 15
2622 2623 6 12
2623 2624 5 10
2623 2723 6 6
2624 2625 6 12
2624 2724 7 7
2625 2626 7 14
2625 2725 7 14
2626 2627 7 14
2626 2726 5 5
2627 2727 6 6
2627 2628 7 14
2628 2728 5 5
2628 2629 7 14
2629 2630 6 12
2629 2729 7 14
2630 2730 7 7
2701 2702 5 10
2701 2801 5 10
2702 2802 7 21
2702 2703 6 12
2703 2704 5 10
2703 2803 5 10
2704 2705 6 12
2704 2804 5 10
2705 2706 7 14
2705 2805 5 5
2706 2707 7 14
2706 2806 5 15
2707 2807 6 12
2707 2708 6 12
2708 2808 6 12
2708 2709 5 10
2709 2710 7 14
2709 2809 6 18
2710 2810 5 15
2710 2711 7 14
2711 2712 6 12
2711 2811 6 18
2712 2713 6 12
2712 2812 5 5
2713 2714 7 14
2713 2813 7 21
2714 2715 7 14
2714 2814 7 21
2715 2815 7 21
2715 2716 7 14
2716 2816 6 18
2716 2717 6 12
2717 2718 6 12
2717 2817 5 5
2718 2818 7 7
2718 2719 7 14
2719 2720 7 14
2719 2819 5 10
2720 2721 5 10
2720 2820 5 15
2721 2722 7 14
2721 2821 5 15
2722 2723 5 10
2722 2822 6 18
2723 2823 5 5
2723 2724 7 14
2724 2824 7 7
2724 2725 7 14
2725 2726 7 14
2725 2825 5 10
2726 2826 5 5
2726 2727 6 12
2727 2728 5 10
2727 2827 5 5
2728 2729 6 12
2728 2828 5 5
2729 2730 6 12
2729 2829 5 10
2730 2830 5 5
2801 2802 5 5
2801 2901 7 14
2802 2803 5 5
2802 2902 7 21
2803 2903 6 12
2803 2804 7 7
2804 2904 7 14
2804 2805 5 5
2805 2806 7 7
2805 2905 6 6
2806 2906 6 18
2806 2807 7 7
2807 2808 7 7
2807 2907 6 12
2808 2908 6 12
2808 2809 7 7
2809 2810 7 7
2809 2909 5 15
2810 2811 6 6
2810 2910 5 15
2811 2911 7 21
2811 2812 5 5
2812 2912 5 5
2812 2813 7 7
2813 2814 5 5
2813 2913 5 15
2814 2914 6 18
2814 2815 5 5
2815 2816 7 7
2815 2915 6 18
2816 2916 7 21
2816 2817 6 6
2817 2818 5 5
2817 2917 7 7
2818 2819 5 5
2818 2918 7 7
2819 2919 7 14
2819 2820 6 6
2820 2920 5 15
2820 2821 7 7
2821 2822 5 5
2821 2921 6 18
2822 2922 7 21
2822 2823 7 7
2823 2824 6 6
2823 2923 5 5
2824 2924 7 7
2824 2825 6 6
2825 2826 6 6
2825 2925 6 12
2826 2827 6 6
2826 2926 7 7
2827 2927 7 7
2827 2828 5 5
2828 2928 7 7
2828 2829 6 6
2829 2830 7 7
2829 2929 6 12
2830 2930 6 6
2901 2902 5 15
2901 3001 5 10
2902 3002 5 15
2902 2903 5 15
2903 2904 7 21
2903 3003 7 14
2904 2905 6 18
2904 3004 7 14
2905 2906 6 18
2905 3005 5 5
2906 2907 6 18
2906 3006 5 15
2907 3007 6 12
2907 2908 6 18
2908 3008 7 14
2908 2909 5 15
2909 2910 7 21
2909 3009 5 15
2910 3010 5 15
2910 2911 7 21
2911 2912 6 18
2911 3011 6 18
2912 2913 6 18
2912 3012 5 5
2913 2914 6 18
2913 3013 5 15
2914 2915 6 18
2914 3014 6 18
2915 3015 6 18
2915 2916 7 21
2916 3016 7 21
2916 2917 6 18
2917 2918 6 18
2917 3017 6 6
2918 3018 5 5
2918 2919 7 21
2919 2920 6 18
2919 3019 7 14
2920 3020 7 21
2920 2921 7 21
2921 2922 7 21
2921 3021 6 18
2922 2923 5 15
2922 3022 7 21
2923 3023 5 5
2923 2924 6 18
2924 3024 7 7
2924 2925 5 15
2925 2926 6 18
2925 3025 7 14
2926 3026 7 7
2926 2927 7 21
2927 2928 6 18
2927 3027 7 7
2928 2929 5 15
2928 3028 6 6
2929 2930 6 18
2929 3029 7 14
2930 3030 5 5
3001 3002 5 10
3002 3003 6 12
3003 3004 6 12
3004 3005 6 12
3005 3006 6 12
3006 3007 7 14
3007 3008 5 10
3008 3009 7 14
3009 3010 5 10
3010 3011 5 10
3011 3012 6 12
3012 3013 5 10
3013 3014 5 10
3014 3015 5 10
3015 3016 5 10
3016 3017 6 12
3017 3018 5 10
3018 3019 7 14
3019 3020 6 12
3020 3021 6 12
3021 3022 5 10
3022 3023 6 12
3023 3024 7 14
3024 3025 7 14
3025 3026 6 12
3026 3027 7 14
3027 3028 5 10
3028 3029 7 14
3029 3030 5 10
1101 1201 6 18
1101 1102 7 14
1102 1202 5 10
1102 1103 6 12
1103 1104 7 14
1103 1203 7 14
1104 1105 5 10
1104 1204 6 18
1105 1106 5 10
1105 1205 5 5
1106 1107 6 12
1106 1206 7 7
1107 1108 6 12
1107 1207 6 6
1108 1208 5 15
1108 1109 5 10
1109 1209 7 21
1109 1110 6 12
1110 1210 6 12
1110 1111 5 10
1111 1112 7 14
1111 1211 7 21
1112 1113 7 14
1112 1212 6 12
1113 1114 7 14
1113 1213 6 6
1114 1115 6 12
1114 1214 7 21
1115 1116 5 10
1115 1215 6 6
1116 1216 5 10
1116 1117 5 10
1117 1217 7 14
1117 1118 6 12
1118 1218 5 5
1118 1119 5 10
1119 1120 5 10
1119 1219 6 12
1120 1220 5 10
1201 1202 5 5
1201 1301 6 18
1202 1203 7 7
1202 1302 5 10
1203 1303 5 10
1203 1204 5 5
1204 1304 5 15
1204 1205 5 5
1205 1206 7 7
1205 1305 6 6
1206 1306 5 5
1206 1207 7 7
1207 1208 5 5
1207 1307 7 7
1208 1209 7 7
1208 1308 5 15
1209 1210 5 5
1209 1309 7 21
1210 1211 7 7
1210 1310 7 14
1211 1311 7 21
1211 1212 7 7
1212 1312 7 14
1212 1213 7 7
1213 1214 7 7
1213 1313 5 5
1214 1314 6 18
1214 1215 5 5
1215 1216 5 5
1215 1315 7 7
1216 1217 7 7
1216 1316 7 14
1217 1218 6 6
1217 1317 7 14
1218 1219 6 6
1218 1318 6 6
1219 1319 6 12
1219 1220 6 6
1220 1320 7 14
1301 1302 5 15
1301 1401 7 21
1302 1402 7 14
1302 1303 6 18
1303 1304 6 18
1303 1403 6 12
1304 1305 6 18
1304 1404 6 18
1305 1306 5 15
1305 1405 7 7
1306 1307 6 18
1306 1406 7 7
1307 1407 6 6
1307 1308 6 18
1308 1408 5 15
1308 1309 7 21
1309 1310 5 15
1309 1409 7 21
1310 1410 6 12
1310 1311 5 15
1311 1312 6 18
1311 1411 7 21
1312 1313 5 15
1312 1412 6 12
1313 1314 6 18
1313 1413 5 5
1314 1315 5 15
1314 1414 7 21
1315 1415 5 5
1315 1316 7 21
1316 1416 5 10
1316 1317 6 18
1317 1318 7 21
1317 1417 6 12
1318 1418 6 6
1318 1319 7 21
1319 1320 7 21
1319 1419 5 10
1320 1420 7 14
1401 1402 6 6
1401 1501 6 18
1402 1403 7 7
1402 1502 7 14
1403 1503 7 14
1403 1404 6 6
1404 1504 5 15
1404 1405 7 7
1405 1406 6 6
1405 1505 6 6
1406 1506 7 7
1406 1407 5 5
1407 1408 7 7
1407 1507 7 7
1408 1409 7 7
1408 1508 6 18
1409 1410 6 6
1409 1509 5 15
1410 1411 6 6
1410 1510 5 10
1411 1511 7 21
1411 1412 5 5
1412 1512 6 12
1412 1413 5 5
1413 1414 5 5
1413 1513 6 6
1414 1514 7 21
1414 1415 5 5
1415 1416 5 5
1415 1515 7 7
1416 1417 5 5
1416 1516 7 14
1417 1418 6 6
1417 1517 7 14
1418 1419 5 5
1418 1518 7 7
1419 1519 7 14
1419 1420 5 5
1420 1520 5 10
1501 1502 7 21
1501 1601 6 18
1502 1602 6 12
1502 1503 5 15
1503 1504 5 15
1503 1603 7 14
1504 1604 7 21
1504 1505 6 18
1505 1506 5 15
1505 1605 7 7
1506 1507 7 21
1506 1606 6 6
1507 1607 6 6
1507 1508 5 15
1508 1608 6 18
1508 1509 5 15
1509 1510 7 21
1509 1609 6 18
1510 1610 7 14
1510 1511 6 18
1511 1512 6 18
1511 1611 6 18
1512 1612 7 14
1512 1513 7 21
1513 1514 7 21
1513 1613 5 5
1514 1515 5 15
1514 1614 6 18
1515 1615 6 6
1515 1516 7 21
1516 1616 6 12
1516 1517 5 15
1517 1518 5 15
1517 1617 5 10
1518 1618 6 6
1518 1519 6 18
1519 1520 7 21
1519 1619 6 12
1520 1620 7 14
1601 1602 5 15
1601 1701 5 15
1602 1603 7 21
1602 1702 7 14
1603 1703 6 12
1603 1604 7 21
1604 1704 6 18
1604 1605 7 21
1605 1606 7 21
1605 1705 5 5
1606 1706 6 6
1606 1607 5 15
1607 1608 7 21
1607 1707 5 5
1608 1609 5 15
1608 1708 7 21
1609 1610 7 21
1609 1709 5 15
1610 1611 7 21
1610 1710 6 12
1611 1711 7 21
1611 1612 6 18
1612 1712 5 10
1612 1613 5 15
1613 1614 7 21
1613 1713 7 7
1614 1714 5 15
1614 1615 7 21
1615 1616 6 18
1615 1715 5 5
1616 1617 6 18
1616 1716 6 12
1617 1618 6 18
1617 1717 7 14
1618 1619 7 21
1618 1718 5 5
1619 1719 5 10
1619 1620 6 18
1620 1720 7 14
1701 1702 5 10
1701 1801 6 18
1702 1802 6 12
1702 1703 6 12
1703 1704 5 10
1703 1803 6 12
1704 1705 7 14
1704 1804 6 18
1705 1706 6 12
1705 1805 7 7
1706 1707 5 10
1706 1806 5 5
1707 1807 5 5
1707 1708 7 14
1708 1808 6 18
1708 1709 5 10
1709 1710 5 10
1709 1809 6 18
1710 1810 7 14
1710 1711 7 14
1711 1712 5 10
1711 1811 6 18
1712 1713 5 10
1712 1812 7 14
1713 1714 5 10
1713 1813 5 5
1714 1715 5 10
1714 1814 7 21
1715 1815 6 6
1715 1716 7 14
1716 1816 5 10
1716 1717 5 10
1717 1718 6 12
1717 1817 5 10
1718 1818 7 7
1718 1719 5 10
1719 1720 5 10
1719 1819 7 14
1720 1820 6 12
1801 1802 7 21
1801 1901 5 15
1802 1803 7 21
1802 1902 5 10
1803 1903 7 14
1803 1804 7 21
1804 1904 6 18
1804 1805 5 15
1805 1806 7 21
1805 1905 5 5
1806 1906 6 6
1806 1807 7 21
1807 1808 7 21
1807 1907 6 6
1808 1809 6 18
1808 1908 7 21
1809 1810 5 15
1809 1909 6 18
1810 1811 7 21
1810 1910 7 14
1811 1911 5 15
1811 1812 6 18
1812 1912 7 14
1812 1813 6 18
1813 1814 6 18
1813 1913 7 7
1814 1914 6 18
1814 1815 5 15
1815 1816 5 15
1815 1915 6 6
1816 1817 5 15
1816 1916 6 12
1817 1818 5 15
1817 1917 5 10
1818 1819 6 18
1818 1918 7 7
1819 1919 5 10
1819 1820 5 15
1820 1920 6 12
1901 1902 5 5
1901 2001 5 15
1902 2002 7 14
1902 1903 5 5
1903 1904 6 6
1903 2003 7 14
1904 1905 7 7
1904 2004 6 18
1905 1906 5 5
1905 2005 6 6
1906 1907 6 6
1906 2006 5 5
1907 2007 5 5
1907 1908 7 7
1908 2008 6 18
1908 1909 6 6
1909 1910 6 6
1909 2009 7 21
1910 2010 6 12
1910 1911 5 5
1911 1912 6 6
1911 2011 6 18
1912 1913 5 5
1912 2012 6 12
1913 1914 6 6
1913 2013 6 6
1914 1915 6 6
1914 2014 5 15
1915 2015 5 5
1915 1916 6 6
1916 2016 6 12
1916 1917 5 5
1917 1918 5 5
1917 2017 7 14
1918 2018 7 7
1918 1919 6 6
1919 1920 7 7
1919 2019 7 14
1920 2020 5 10
2001 2002 6 18
2002 2003 7 21
2003 2004 6 18
2004 2005 7 21
2005 2006 5 15
2006 2007 5 15
2007 2008 7 21
2008 2009 5 15
2009 2010 5 15
2010 2011 6 18
2011 2012 7 21
2012 2013 7 21
2013 2014 5 15
2014 2015 7 21
2015 2016 7 21
2016 2017 5 15
2017 2018 5 15
2018 2019 5 15
2019 2020 5 15
