500
0 1 5 15
1 0 5 15
0 2 5 5
2 0 5 5
0 3 6 12
3 0 6 12
2 4 6 12
4 2 6 12
2 5 6 18
5 2 6 18
2 6 5 5
6 2 5 5
6 7 7 7
7 6 7 7
6 8 6 12
8 6 6 12
6 9 7 14
9 6 7 14
7 10 5 5
10 7 5 5
7 11 7 14
11 7 7 14
7 12 5 15
12 7 5 15
10 13 6 6
13 10 6 6
10 14 7 7
14 10 7 7
10 15 7 7
15 10 7 7
13 16 6 6
16 13 6 6
13 17 6 18
17 13 6 18
13 18 7 7
18 13 7 7
16 19 6 12
19 16 6 12
16 20 7 7
20 16 7 7
16 21 7 7
21 16 7 7
20 22 6 18
22 20 6 18
20 23 6 12
23 20 6 12
20 24 7 7
24 20 7 7
24 25 5 15
25 24 5 15
24 26 7 7
26 24 7 7
24 27 5 15
27 24 5 15
26 28 7 14
28 26 7 14
26 29 5 15
29 26 5 15
26 30 6 6
30 26 6 6
30 31 7 7
31 30 7 7
30 32 6 18
32 30 6 18
30 33 5 15
33 30 5 15
31 34 6 6
34 31 6 6
31 35 7 7
35 31 7 7
31 36 5 10
36 31 5 10
34 37 7 7
37 34 7 7
34 38 7 21
38 34 7 21
34 39 6 6
39 34 6 6
34 40 6 18
40 34 6 18
37 41 6 6
41 37 6 6
37 42 7 21
42 37 7 21
37 43 6 18
43 37 6 18
41 44 6 18
44 41 6 18
41 45 7 7
45 41 7 7
41 46 5 15
46 41 5 15
41 47 6 6
47 41 6 6
45 48 5 10
48 45 5 10
45 49 7 21
49 45 7 21
45 50 5 5
50 45 5 5
50 51 5 10
51 50 5 10
50 52 5 5
52 50 5 5
50 53 6 6
53 50 6 6
52 54 5 5
54 52 5 5
52 55 5 5
55 52 5 5
52 56 5 5
56 52 5 5
52 57 6 6
57 52 6 6
57 58 6 6
58 57 6 6
57 59 7 14
59 57 7 14
57 60 6 12
60 57 6 12
58 61 5 15
61 58 5 15
58 62 6 12
62 58 6 12
58 63 6 6
63 58 6 6
63 64 7 7
64 63 7 7
63 65 6 18
65 63 6 18
63 66 7 7
66 63 7 7
63 67 5 15
67 63 5 15
63 68 7 14
68 63 7 14
64 69 5 5
69 64 5 5
64 70 6 18
70 64 6 18
69 71 7 7
71 69 7 7
69 72 5 5
72 69 5 5
71 73 5 5
73 71 5 5
71 74 7 7
74 71 7 7
74 75 6 12
75 74 6 12
74 76 7 7
76 74 7 7
76 77 5 5
77 76 5 5
76 78 7 7
78 76 7 7
78 79 7 7
79 78 7 7
78 80 5 5
80 78 5 5
79 81 6 6
81 79 6 6
79 82 7 7
82 79 7 7
81 83 6 6
83 81 6 6
81 84 7 14
84 81 7 14
83 85 6 12
85 83 6 12
83 86 5 5
86 83 5 5
3 5 7 21
5 3 7 21
3 87 5 10
87 3 5 10
5 9 5 15
9 5 5 15
5 88 7 21
88 5 7 21
9 89 6 12
89 9 6 12
9 11 5 15
11 9 5 15
11 90 5 10
90 11 5 10
11 15 5 15
15 11 5 15
15 17 5 15
17 15 5 15
15 91 7 7
91 15 7 7
17 92 6 18
92 17 6 18
17 19 6 18
19 17 6 18
19 23 7 21
23 19 7 21
19 93 6 12
93 19 6 12
23 27 5 15
27 23 5 15
23 94 6 12
94 23 6 12
27 29 6 18
29 27 6 18
27 95 5 15
95 27 5 15
29 33 5 15
33 29 5 15
29 96 6 18
96 29 6 18
33 97 5 15
97 33 5 15
33 35 6 18
35 33 6 18
35 98 6 6
98 35 6 6
35 40 6 18
40 35 6 18
40 42 5 15
42 40 5 15
40 99 6 18
99 40 6 18
42 100 6 18
100 42 6 18
42 44 5 15
44 42 5 15
44 49 6 18
49 44 6 18
44 101 5 15
101 44 5 15
49 53 6 18
53 49 6 18
49 102 7 21
102 49 7 21
53 56 5 15
56 53 5 15
53 103 7 7
103 53 7 7
56 60 5 15
60 56 5 15
56 104 5 5
104 56 5 5
60 105 5 10
105 60 5 10
60 61 7 21
61 60 7 21
61 106 7 21
106 61 7 21
61 65 5 15
65 61 5 15
65 70 7 21
70 65 7 21
65 107 6 18
107 65 6 18
70 108 5 15
108 70 5 15
70 72 7 21
72 70 7 21
72 73 6 18
73 72 6 18
72 109 5 5
109 72 5 5
73 75 5 15
75 73 5 15
73 110 6 6
110 73 6 6
75 77 7 21
77 75 7 21
75 111 7 14
111 75 7 14
77 80 7 21
80 77 7 21
77 112 5 5
112 77 5 5
80 113 7 7
113 80 7 7
80 82 5 15
82 80 5 15
82 114 7 7
114 82 7 7
82 84 7 21
84 82 7 21
84 86 5 15
86 84 5 15
84 115 5 10
115 84 5 10
86 116 7 7
116 86 7 7
87 88 6 12
88 87 6 12
87 117 6 12
117 87 6 12
88 118 7 21
118 88 7 21
88 89 5 10
89 88 5 10
89 90 6 12
90 89 6 12
89 119 7 14
119 89 7 14
90 120 7 14
120 90 7 14
90 91 7 14
91 90 7 14
91 92 5 10
92 91 5 10
91 121 7 7
121 91 7 7
92 93 7 14
93 92 7 14
92 122 6 18
122 92 6 18
93 123 6 12
123 93 6 12
93 94 5 10
94 93 5 10
94 124 6 12
124 94 6 12
94 95 7 14
95 94 7 14
95 96 5 10
96 95 5 10
95 125 6 18
125 95 6 18
96 126 7 21
126 96 7 21
96 97 6 12
97 96 6 12
97 98 5 10
98 97 5 10
97 127 5 15
127 97 5 15
98 128 6 6
128 98 6 6
98 99 5 10
99 98 5 10
99 100 5 10
100 99 5 10
99 129 6 18
129 99 6 18
100 101 7 14
101 100 7 14
100 130 7 21
130 100 7 21
101 131 5 15
131 101 5 15
101 102 6 12
102 101 6 12
102 132 7 21
132 102 7 21
102 103 7 14
103 102 7 14
103 104 5 10
104 103 5 10
103 133 5 5
133 103 5 5
104 134 7 7
134 104 7 7
104 105 6 12
105 104 6 12
105 106 7 14
106 105 7 14
105 135 6 12
135 105 6 12
106 136 5 15
136 106 5 15
106 107 6 12
107 106 6 12
107 108 6 12
108 107 6 12
107 137 6 18
137 107 6 18
108 109 7 14
109 108 7 14
108 138 5 15
138 108 5 15
109 139 6 6
139 109 6 6
109 110 5 10
110 109 5 10
110 140 7 7
140 110 7 7
110 111 5 10
111 110 5 10
111 112 7 14
112 111 7 14
111 141 6 12
141 111 6 12
112 142 5 5
142 112 5 5
112 113 6 12
113 112 6 12
113 114 7 14
114 113 7 14
113 143 5 5
143 113 5 5
114 144 7 7
144 114 7 7
114 115 6 12
115 114 6 12
115 116 5 10
116 115 5 10
115 145 7 14
145 115 7 14
116 146 6 6
146 116 6 6
117 118 5 15
118 117 5 15
117 147 7 14
147 117 7 14
118 119 5 15
119 118 5 15
118 148 5 15
148 118 5 15
119 149 5 10
149 119 5 10
119 120 6 18
120 119 6 18
120 150 5 10
150 120 5 10
120 121 5 15
121 120 5 15
121 122 6 18
122 121 6 18
121 151 7 7
151 121 7 7
122 152 6 18
152 122 6 18
122 123 7 21
123 122 7 21
123 124 7 21
124 123 7 21
123 153 6 12
153 123 6 12
124 125 6 18
125 124 6 18
124 154 5 10
154 124 5 10
125 126 5 15
126 125 5 15
125 155 7 21
155 125 7 21
126 127 6 18
127 126 6 18
126 156 5 15
156 126 5 15
127 157 7 21
157 127 7 21
127 128 6 18
128 127 6 18
128 158 7 7
158 128 7 7
128 129 7 21
129 128 7 21
129 130 7 21
130 129 7 21
129 159 6 18
159 129 6 18
130 160 5 15
160 130 5 15
130 131 7 21
131 130 7 21
131 132 7 21
132 131 7 21
131 161 5 15
161 131 5 15
132 133 5 15
133 132 5 15
132 162 7 21
162 132 7 21
133 134 5 15
134 133 5 15
133 163 6 6
163 133 6 6
134 135 7 21
135 134 7 21
134 164 5 5
164 134 5 5
135 165 5 10
165 135 5 10
135 136 7 21
136 135 7 21
136 166 7 21
166 136 7 21
136 137 7 21
137 136 7 21
137 138 5 15
138 137 5 15
137 167 5 15
167 137 5 15
138 168 7 21
168 138 7 21
138 139 6 18
139 138 6 18
139 140 5 15
140 139 5 15
139 169 5 5
169 139 5 5
140 141 5 15
141 140 5 15
140 170 7 7
170 140 7 7
141 142 5 15
142 141 5 15
141 171 6 12
171 141 6 12
142 143 6 18
143 142 6 18
142 172 7 7
172 142 7 7
143 173 6 6
173 143 6 6
143 144 7 21
144 143 7 21
144 174 5 5
174 144 5 5
144 145 5 15
145 144 5 15
145 146 7 21
146 145 7 21
145 175 7 14
175 145 7 14
146 176 5 5
176 146 5 5
147 148 6 6
148 147 6 6
147 177 7 14
177 147 7 14
148 178 6 18
178 148 6 18
148 149 5 5
149 148 5 5
149 150 5 5
150 149 5 5
149 179 7 14
179 149 7 14
150 151 7 7
151 150 7 7
150 180 5 10
180 150 5 10
151 152 5 5
152 151 5 5
151 181 6 6
181 151 6 6
152 153 5 5
153 152 5 5
152 182 6 18
182 152 6 18
153 183 7 14
183 153 7 14
153 154 6 6
154 153 6 6
154 184 7 14
184 154 7 14
154 155 6 6
155 154 6 6
155 156 7 7
156 155 7 7
155 185 5 15
185 155 5 15
156 186 6 18
186 156 6 18
156 157 6 6
157 156 6 6
157 158 5 5
158 157 5 5
157 187 7 21
187 157 7 21
158 159 5 5
159 158 5 5
158 188 5 5
188 158 5 5
159 160 5 5
160 159 5 5
159 189 7 21
189 159 7 21
160 161 7 7
161 160 7 7
160 190 6 18
190 160 6 18
161 191 6 18
191 161 6 18
161 162 5 5
162 161 5 5
162 192 5 15
192 162 5 15
162 163 5 5
163 162 5 5
163 164 5 5
164 163 5 5
163 193 5 5
193 163 5 5
164 194 5 5
194 164 5 5
164 165 7 7
165 164 7 7
165 166 7 7
166 165 7 7
165 195 7 14
195 165 7 14
166 196 6 18
196 166 6 18
166 167 6 6
167 166 6 6
167 168 7 7
168 167 7 7
167 197 6 18
197 167 6 18
168 169 5 5
169 168 5 5
168 198 7 21
198 168 7 21
169 199 7 7
199 169 7 7
169 170 6 6
170 169 6 6
170 200 5 5
200 170 5 5
170 171 6 6
171 170 6 6
171 172 6 6
172 171 6 6
171 201 5 10
201 171 5 10
172 202 7 7
202 172 7 7
172 173 5 5
173 172 5 5
173 174 5 5
174 173 5 5
173 203 7 7
203 173 7 7
174 204 6 6
204 174 6 6
174 175 5 5
175 174 5 5
175 176 7 7
176 175 7 7
175 205 5 10
205 175 5 10
176 206 7 7
206 176 7 7
177 178 7 14
178 177 7 14
177 207 7 14
207 177 7 14
178 179 5 10
179 178 5 10
178 208 6 18
208 178 6 18
179 209 6 12
209 179 6 12
179 180 5 10
180 179 5 10
180 210 7 14
210 180 7 14
180 181 7 14
181 180 7 14
181 182 5 10
182 181 5 10
181 211 7 7
211 181 7 7
182 212 7 21
212 182 7 21
182 183 6 12
183 182 6 12
183 184 5 10
184 183 5 10
183 213 5 10
213 183 5 10
184 185 6 12
185 184 6 12
184 214 5 10
214 184 5 10
185 186 5 10
186 185 5 10
185 215 5 15
215 185 5 15
186 187 6 12
187 186 6 12
186 216 6 18
216 186 6 18
187 217 5 15
217 187 5 15
187 188 6 12
188 187 6 12
188 218 7 7
218 188 7 7
188 189 5 10
189 188 5 10
189 190 5 10
190 189 5 10
189 219 6 18
219 189 6 18
190 220 6 18
220 190 6 18
190 191 5 10
191 190 5 10
191 192 7 14
192 191 7 14
191 221 5 15
221 191 5 15
192 193 6 12
193 192 6 12
192 222 7 21
222 192 7 21
193 194 6 12
194 193 6 12
193 223 6 6
223 193 6 6
194 195 7 14
195 194 7 14
194 224 6 6
224 194 6 6
195 225 6 12
225 195 6 12
195 196 5 10
196 195 5 10
196 226 7 21
226 196 7 21
196 197 5 10
197 196 5 10
197 198 7 14
198 197 7 14
197 227 7 21
227 197 7 21
198 228 5 15
228 198 5 15
198 199 6 12
199 198 6 12
199 200 5 10
200 199 5 10
199 229 6 6
229 199 6 6
200 201 6 12
201 200 6 12
200 230 7 7
230 200 7 7
201 202 7 14
202 201 7 14
201 231 7 14
231 201 7 14
202 203 7 14
203 202 7 14
202 232 5 5
232 202 5 5
203 233 6 6
233 203 6 6
203 204 7 14
204 203 7 14
204 234 5 5
234 204 5 5
204 205 7 14
205 204 7 14
205 206 6 12
206 205 6 12
205 235 7 14
235 205 7 14
206 236 7 7
236 206 7 7
207 208 5 10
208 207 5 10
207 237 5 10
237 207 5 10
208 238 7 21
238 208 7 21
208 209 6 12
209 208 6 12
209 210 5 10
210 209 5 10
209 239 5 10
239 209 5 10
210 211 6 12
211 210 6 12
210 240 5 10
240 210 5 10
211 212 7 14
212 211 7 14
211 241 5 5
241 211 5 5
212 213 7 14
213 212 7 14
212 242 5 15
242 212 5 15
213 243 6 12
243 213 6 12
213 214 6 12
214 213 6 12
214 244 6 12
244 214 6 12
214 215 5 10
215 214 5 10
215 216 7 14
216 215 7 14
215 245 6 18
245 215 6 18
216 246 5 15
246 216 5 15
216 217 7 14
217 216 7 14
217 218 6 12
218 217 6 12
217 247 6 18
247 217 6 18
218 219 6 12
219 218 6 12
218 248 5 5
248 218 5 5
219 220 7 14
220 219 7 14
219 249 7 21
249 219 7 21
220 221 7 14
221 220 7 14
220 250 7 21
250 220 7 21
221 251 7 21
251 221 7 21
221 222 7 14
222 221 7 14
222 252 6 18
252 222 6 18
222 223 6 12
223 222 6 12
223 224 6 12
224 223 6 12
223 253 5 5
253 223 5 5
224 254 7 7
254 224 7 7
224 225 7 14
225 224 7 14
225 226 7 14
226 225 7 14
225 255 5 10
255 225 5 10
226 227 5 10
227 226 5 10
226 256 5 15
256 226 5 15
227 228 7 14
228 227 7 14
227 257 5 15
257 227 5 15
228 229 5 10
229 228 5 10
228 258 6 18
258 228 6 18
229 259 5 5
259 229 5 5
229 230 7 14
230 229 7 14
230 260 7 7
260 230 7 7
230 231 7 14
231 230 7 14
231 232 7 14
232 231 7 14
231 261 5 10
261 231 5 10
232 262 5 5
262 232 5 5
232 233 6 12
233 232 6 12
233 234 5 10
234 233 5 10
233 263 5 5
263 233 5 5
234 235 6 12
235 234 6 12
234 264 5 5
264 234 5 5
235 236 6 12
236 235 6 12
235 265 5 10
265 235 5 10
236 266 5 5
266 236 5 5
237 238 5 5
238 237 5 5
237 267 7 14
267 237 7 14
238 239 5 5
239 238 5 5
238 268 7 21
268 238 7 21
239 269 6 12
269 239 6 12
239 240 7 7
240 239 7 7
240 270 7 14
270 240 7 14
240 241 5 5
241 240 5 5
241 242 7 7
242 241 7 7
241 271 6 6
271 241 6 6
242 272 6 18
272 242 6 18
242 243 7 7
243 242 7 7
243 244 7 7
244 243 7 7
243 273 6 12
273 243 6 12
244 274 6 12
274 244 6 12
244 245 7 7
245 244 7 7
245 246 7 7
246 245 7 7
245 275 5 15
275 245 5 15
246 247 6 6
247 246 6 6
246 276 5 15
276 246 5 15
247 277 7 21
277 247 7 21
247 248 5 5
248 247 5 5
248 278 5 5
278 248 5 5
248 249 7 7
249 248 7 7
249 250 5 5
250 249 5 5
249 279 5 15
279 249 5 15
250 280 6 18
280 250 6 18
250 251 5 5
251 250 5 5
251 252 7 7
252 251 7 7
251 281 6 18
281 251 6 18
252 282 7 21
282 252 7 21
252 253 6 6
253 252 6 6
253 254 5 5
254 253 5 5
253 283 7 7
283 253 7 7
254 255 5 5
255 254 5 5
254 284 7 7
284 254 7 7
255 285 7 14
285 255 7 14
255 256 6 6
256 255 6 6
256 286 5 15
286 256 5 15
256 257 7 7
257 256 7 7
257 258 5 5
258 257 5 5
257 287 6 18
287 257 6 18
258 288 7 21
288 258 7 21
258 259 7 7
259 258 7 7
259 260 6 6
260 259 6 6
259 289 5 5
289 259 5 5
260 290 7 7
290 260 7 7
260 261 6 6
261 260 6 6
261 262 6 6
262 261 6 6
261 291 6 12
291 261 6 12
262 263 6 6
263 262 6 6
262 292 7 7
292 262 7 7
263 293 7 7
293 263 7 7
263 264 5 5
264 263 5 5
264 294 7 7
294 264 7 7
264 265 6 6
265 264 6 6
265 266 7 7
266 265 7 7
265 295 6 12
295 265 6 12
266 296 6 6
296 266 6 6
267 268 5 15
268 267 5 15
267 297 5 10
297 267 5 10
268 298 5 15
298 268 5 15
268 269 5 15
269 268 5 15
269 270 7 21
270 269 7 21
269 299 7 14
299 269 7 14
270 271 6 18
271 270 6 18
270 300 7 14
300 270 7 14
271 272 6 18
272 271 6 18
271 301 5 5
301 271 5 5
272 273 6 18
273 272 6 18
272 302 5 15
302 272 5 15
273 303 6 12
303 273 6 12
273 274 6 18
274 273 6 18
274 304 7 14
304 274 7 14
274 275 5 15
275 274 5 15
275 276 7 21
276 275 7 21
275 305 5 15
305 275 5 15
276 306 5 15
306 276 5 15
276 277 7 21
277 276 7 21
277 278 6 18
278 277 6 18
277 307 6 18
307 277 6 18
278 279 6 18
279 278 6 18
278 308 5 5
308 278 5 5
279 280 6 18
280 279 6 18
279 309 5 15
309 279 5 15
280 281 6 18
281 280 6 18
280 310 6 18
310 280 6 18
281 311 6 18
311 281 6 18
281 282 7 21
282 281 7 21
282 312 7 21
312 282 7 21
282 283 6 18
283 282 6 18
283 284 6 18
284 283 6 18
283 313 6 6
313 283 6 6
284 314 5 5
314 284 5 5
284 285 7 21
285 284 7 21
285 286 6 18
286 285 6 18
285 315 7 14
315 285 7 14
286 316 7 21
316 286 7 21
286 287 7 21
287 286 7 21
287 288 7 21
288 287 7 21
287 317 6 18
317 287 6 18
288 289 5 15
289 288 5 15
288 318 7 21
318 288 7 21
289 319 5 5
319 289 5 5
289 290 6 18
290 289 6 18
290 320 7 7
320 290 7 7
290 291 5 15
291 290 5 15
291 292 6 18
292 291 6 18
291 321 7 14
321 291 7 14
292 322 7 7
322 292 7 7
292 293 7 21
293 292 7 21
293 294 6 18
294 293 6 18
293 323 7 7
323 293 7 7
294 295 5 15
295 294 5 15
294 324 6 6
324 294 6 6
295 296 6 18
296 295 6 18
295 325 7 14
325 295 7 14
296 326 5 5
326 296 5 5
297 298 5 10
298 297 5 10
298 299 6 12
299 298 6 12
299 300 6 12
300 299 6 12
300 301 6 12
301 300 6 12
301 302 6 12
302 301 6 12
302 303 7 14
303 302 7 14
303 304 5 10
304 303 5 10
304 305 7 14
305 304 7 14
305 306 5 10
306 305 5 10
306 307 5 10
307 306 5 10
307 308 6 12
308 307 6 12
308 309 5 10
309 308 5 10
309 310 5 10
310 309 5 10
310 311 5 10
311 310 5 10
311 312 5 10
312 311 5 10
312 313 6 12
313 312 6 12
313 314 5 10
314 313 5 10
314 315 7 14
315 314 7 14
315 316 6 12
316 315 6 12
316 317 6 12
317 316 6 12
317 318 5 10
318 317 5 10
318 319 6 12
319 318 6 12
319 320 7 14
320 319 7 14
320 321 7 14
321 320 7 14
321 322 6 12
322 321 6 12
322 323 7 14
323 322 7 14
323 324 5 10
324 323 5 10
324 325 7 14
325 324 7 14
325 326 5 10
326 325 5 10
67 327 6 18
327 67 6 18
67 66 7 14
66 67 7 14
66 328 5 10
328 66 5 10
66 329 6 12
329 66 6 12
329 330 7 14
330 329 7 14
329 331 7 14
331 329 7 14
330 332 5 10
332 330 5 10
330 333 6 18
333 330 6 18
332 334 5 10
334 332 5 10
332 335 5 5
335 332 5 5
334 336 6 12
336 334 6 12
334 337 7 7
337 334 7 7
336 68 6 12
68 336 6 12
336 338 6 6
338 336 6 6
68 339 5 15
339 68 5 15
68 46 5 10
46 68 5 10
46 340 7 21
340 46 7 21
46 341 6 12
341 46 6 12
341 342 6 12
342 341 6 12
341 38 5 10
38 341 5 10
38 85 7 14
85 38 7 14
38 343 7 21
343 38 7 21
85 344 7 14
344 85 7 14
85 345 6 12
345 85 6 12
344 346 7 14
346 344 7 14
344 347 6 6
347 344 6 6
346 348 6 12
348 346 6 12
346 349 7 21
349 346 7 21
348 55 5 10
55 348 5 10
348 350 6 6
350 348 6 6
55 351 5 10
351 55 5 10
55 352 5 10
352 55 5 10
352 353 7 14
353 352 7 14
352 354 6 12
354 352 6 12
354 355 5 5
355 354 5 5
354 356 5 10
356 354 5 10
356 357 5 10
357 356 5 10
356 358 6 12
358 356 6 12
357 359 5 10
359 357 5 10
327 328 5 5
328 327 5 5
327 360 6 18
360 327 6 18
328 331 7 7
331 328 7 7
328 361 5 10
361 328 5 10
331 362 5 10
362 331 5 10
331 333 5 5
333 331 5 5
333 363 5 15
363 333 5 15
333 335 5 5
335 333 5 5
335 337 7 7
337 335 7 7
335 364 6 6
364 335 6 6
337 365 5 5
365 337 5 5
337 338 7 7
338 337 7 7
338 339 5 5
339 338 5 5
338 366 7 7
366 338 7 7
339 340 7 7
340 339 7 7
339 367 5 15
367 339 5 15
340 342 5 5
342 340 5 5
340 368 7 21
368 340 7 21
342 343 7 7
343 342 7 7
342 369 7 14
369 342 7 14
343 370 7 21
370 343 7 21
343 345 7 7
345 343 7 7
345 371 7 14
371 345 7 14
345 347 7 7
347 345 7 7
347 349 7 7
349 347 7 7
347 372 5 5
372 347 5 5
349 373 6 18
373 349 6 18
349 350 5 5
350 349 5 5
350 351 5 5
351 350 5 5
350 374 7 7
374 350 7 7
351 353 7 7
353 351 7 7
351 375 7 14
375 351 7 14
353 355 6 6
355 353 6 6
353 376 7 14
376 353 7 14
355 358 6 6
358 355 6 6
355 377 6 6
377 355 6 6
358 378 6 12
378 358 6 12
358 359 6 6
359 358 6 6
359 379 7 14
379 359 7 14
360 361 5 15
361 360 5 15
360 380 7 21
380 360 7 21
361 381 7 14
381 361 7 14
361 362 6 18
362 361 6 18
362 363 6 18
363 362 6 18
362 382 6 12
382 362 6 12
363 364 6 18
364 363 6 18
363 383 6 18
383 363 6 18
364 365 5 15
365 364 5 15
364 384 7 7
384 364 7 7
365 366 6 18
366 365 6 18
365 385 7 7
385 365 7 7
366 386 6 6
386 366 6 6
366 367 6 18
367 366 6 18
367 387 5 15
387 367 5 15
367 368 7 21
368 367 7 21
368 369 5 15
369 368 5 15
368 388 7 21
388 368 7 21
369 389 6 12
389 369 6 12
369 370 5 15
370 369 5 15
370 371 6 18
371 370 6 18
370 390 7 21
390 370 7 21
371 372 5 15
372 371 5 15
371 391 6 12
391 371 6 12
372 373 6 18
373 372 6 18
372 392 5 5
392 372 5 5
373 374 5 15
374 373 5 15
373 393 7 21
393 373 7 21
374 394 5 5
394 374 5 5
374 375 7 21
375 374 7 21
375 395 5 10
395 375 5 10
375 376 6 18
376 375 6 18
376 377 7 21
377 376 7 21
376 396 6 12
396 376 6 12
377 397 6 6
397 377 6 6
377 378 7 21
378 377 7 21
378 379 7 21
379 378 7 21
378 398 5 10
398 378 5 10
379 399 7 14
399 379 7 14
380 381 6 6
381 380 6 6
380 400 6 18
400 380 6 18
381 382 7 7
382 381 7 7
381 401 7 14
401 381 7 14
382 402 7 14
402 382 7 14
382 383 6 6
383 382 6 6
383 403 5 15
403 383 5 15
383 384 7 7
384 383 7 7
384 385 6 6
385 384 6 6
384 404 6 6
404 384 6 6
385 405 7 7
405 385 7 7
385 386 5 5
386 385 5 5
386 387 7 7
387 386 7 7
386 406 7 7
406 386 7 7
387 388 7 7
388 387 7 7
387 407 6 18
407 387 6 18
388 389 6 6
389 388 6 6
388 408 5 15
408 388 5 15
389 390 6 6
390 389 6 6
389 409 5 10
409 389 5 10
390 410 7 21
410 390 7 21
390 391 5 5
391 390 5 5
391 411 6 12
411 391 6 12
391 392 5 5
392 391 5 5
392 393 5 5
393 392 5 5
392 412 6 6
412 392 6 6
393 413 7 21
413 393 7 21
393 394 5 5
394 393 5 5
394 395 5 5
395 394 5 5
394 414 7 7
414 394 7 7
395 396 5 5
396 395 5 5
395 415 7 14
415 395 7 14
396 397 6 6
397 396 6 6
396 416 7 14
416 396 7 14
397 398 5 5
398 397 5 5
397 417 7 7
417 397 7 7
398 418 7 14
418 398 7 14
398 399 5 5
399 398 5 5
399 419 5 10
419 399 5 10
400 401 7 21
401 400 7 21
400 420 6 18
420 400 6 18
401 421 6 12
421 401 6 12
401 402 5 15
402 401 5 15
402 403 5 15
403 402 5 15
402 422 7 14
422 402 7 14
403 423 7 21
423 403 7 21
403 404 6 18
404 403 6 18
404 405 5 15
405 404 5 15
404 424 7 7
424 404 7 7
405 406 7 21
406 405 7 21
405 425 6 6
425 405 6 6
406 426 6 6
426 406 6 6
406 407 5 15
407 406 5 15
407 427 6 18
427 407 6 18
407 408 5 15
408 407 5 15
408 409 7 21
409 408 7 21
408 428 6 18
428 408 6 18
409 429 7 14
429 409 7 14
409 410 6 18
410 409 6 18
410 411 6 18
411 410 6 18
410 430 6 18
430 410 6 18
411 431 7 14
431 411 7 14
411 412 7 21
412 411 7 21
412 413 7 21
413 412 7 21
412 432 5 5
432 412 5 5
413 414 5 15
414 413 5 15
413 433 6 18
433 413 6 18
414 434 6 6
434 414 6 6
414 415 7 21
415 414 7 21
415 435 6 12
435 415 6 12
415 416 5 15
416 415 5 15
416 417 5 15
417 416 5 15
416 436 5 10
436 416 5 10
417 437 6 6
437 417 6 6
417 418 6 18
418 417 6 18
418 419 7 21
419 418 7 21
418 438 6 12
438 418 6 12
419 439 7 14
439 419 7 14
420 421 5 15
421 420 5 15
420 440 5 15
440 420 5 15
421 422 7 21
422 421 7 21
421 441 7 14
441 421 7 14
422 442 6 12
442 422 6 12
422 423 7 21
423 422 7 21
423 443 6 18
443 423 6 18
423 424 7 21
424 423 7 21
424 425 7 21
425 424 7 21
424 444 5 5
444 424 5 5
425 445 6 6
445 425 6 6
425 426 5 15
426 425 5 15
426 427 7 21
427 426 7 21
426 446 5 5
446 426 5 5
427 428 5 15
428 427 5 15
427 447 7 21
447 427 7 21
428 429 7 21
429 428 7 21
428 448 5 15
448 428 5 15
429 430 7 21
430 429 7 21
429 449 6 12
449 429 6 12
430 450 7 21
450 430 7 21
430 431 6 18
431 430 6 18
431 451 5 10
451 431 5 10
431 432 5 15
432 431 5 15
432 433 7 21
433 432 7 21
432 452 7 7
452 432 7 7
433 453 5 15
453 433 5 15
433 434 7 21
434 433 7 21
434 435 6 18
435 434 6 18
434 454 5 5
454 434 5 5
435 436 6 18
436 435 6 18
435 455 6 12
455 435 6 12
436 437 6 18
437 436 6 18
436 456 7 14
456 436 7 14
437 438 7 21
438 437 7 21
437 457 5 5
457 437 5 5
438 458 5 10
458 438 5 10
438 439 6 18
439 438 6 18
439 459 7 14
459 439 7 14
440 441 5 10
441 440 5 10
440 460 6 18
460 440 6 18
441 461 6 12
461 441 6 12
441 442 6 12
442 441 6 12
442 443 5 10
443 442 5 10
442 462 6 12
462 442 6 12
443 444 7 14
444 443 7 14
443 463 6 18
463 443 6 18
444 445 6 12
445 444 6 12
444 464 7 7
464 444 7 7
445 446 5 10
446 445 5 10
445 465 5 5
465 445 5 5
446 466 5 5
466 446 5 5
446 447 7 14
447 446 7 14
447 467 6 18
467 447 6 18
447 448 5 10
448 447 5 10
448 449 5 10
449 448 5 10
448 468 6 18
468 448 6 18
449 469 7 14
469 449 7 14
449 450 7 14
450 449 7 14
450 451 5 10
451 450 5 10
450 470 6 18
470 450 6 18
451 452 5 10
452 451 5 10
451 471 7 14
471 451 7 14
452 453 5 10
453 452 5 10
452 472 5 5
472 452 5 5
453 454 5 10
454 453 5 10
453 473 7 21
473 453 7 21
454 474 6 6
474 454 6 6
454 455 7 14
455 454 7 14
455 475 5 10
475 455 5 10
455 456 5 10
456 455 5 10
456 457 6 12
457 456 6 12
456 476 5 10
476 456 5 10
457 477 7 7
477 457 7 7
457 458 5 10
458 457 5 10
458 459 5 10
459 458 5 10
458 478 7 14
478 458 7 14
459 479 6 12
479 459 6 12
460 461 7 21
461 460 7 21
460 480 5 15
480 460 5 15
461 462 7 21
462 461 7 21
461 481 5 10
481 461 5 10
462 482 7 14
482 462 7 14
462 463 7 21
463 462 7 21
463 483 6 18
483 463 6 18
463 464 5 15
464 463 5 15
464 465 7 21
465 464 7 21
464 484 5 5
484 464 5 5
465 485 6 6
485 465 6 6
465 466 7 21
466 465 7 21
466 467 7 21
467 466 7 21
466 486 6 6
486 466 6 6
467 468 6 18
468 467 6 18
467 487 7 21
487 467 7 21
468 469 5 15
469 468 5 15
468 488 6 18
488 468 6 18
469 470 7 21
470 469 7 21
469 489 7 14
489 469 7 14
470 490 5 15
490 470 5 15
470 471 6 18
471 470 6 18
471 491 7 14
491 471 7 14
471 472 6 18
472 471 6 18
472 473 6 18
473 472 6 18
472 492 7 7
492 472 7 7
473 493 6 18
493 473 6 18
473 474 5 15
474 473 5 15
474 475 5 15
475 474 5 15
474 494 6 6
494 474 6 6
475 476 5 15
476 475 5 15
475 495 6 12
495 475 6 12
476 477 5 15
477 476 5 15
476 496 5 10
496 476 5 10
477 478 6 18
478 477 6 18
477 497 7 7
497 477 7 7
478 498 5 10
498 478 5 10
478 479 5 15
479 478 5 15
479 499 6 12
499 479 6 12
480 481 5 5
481 480 5 5
480 1 5 15
1 480 5 15
481 4 7 14
4 481 7 14
481 482 5 5
482 481 5 5
482 483 6 6
483 482 6 6
482 8 7 14
8 482 7 14
483 484 7 7
484 483 7 7
483 12 6 18
12 483 6 18
484 485 5 5
485 484 5 5
484 14 6 6
14 484 6 6
485 486 6 6
486 485 6 6
485 18 5 5
18 485 5 5
486 21 5 5
21 486 5 5
486 487 7 7
487 486 7 7
487 22 6 18
22 487 6 18
487 488 6 6
488 487 6 6
488 489 6 6
489 488 6 6
488 25 7 21
25 488 7 21
489 28 6 12
28 489 6 12
489 490 5 5
490 489 5 5
490 491 6 6
491 490 6 6
490 32 6 18
32 490 6 18
491 492 5 5
492 491 5 5
491 36 6 12
36 491 6 12
492 493 6 6
493 492 6 6
492 39 6 6
39 492 6 6
493 494 6 6
494 493 6 6
493 43 5 15
43 493 5 15
494 47 5 5
47 494 5 5
494 495 6 6
495 494 6 6
495 48 6 12
48 495 6 12
495 496 5 5
496 495 5 5
496 497 5 5
497 496 5 5
496 51 7 14
51 496 7 14
497 54 7 7
54 497 7 7
497 498 6 6
498 497 6 6
498 499 7 7
499 498 7 7
498 59 7 14
59 498 7 14
499 62 5 10
62 499 5 10
1 4 6 18
4 1 6 18
4 8 7 21
8 4 7 21
8 12 6 18
12 8 6 18
12 14 7 21
14 12 7 21
14 18 5 15
18 14 5 15
18 21 5 15
21 18 5 15
21 22 7 21
22 21 7 21
22 25 5 15
25 22 5 15
25 28 5 15
28 25 5 15
28 32 6 18
32 28 6 18
32 36 7 21
36 32 7 21
36 39 7 21
39 36 7 21
39 43 5 15
43 39 5 15
43 47 7 21
47 43 7 21
47 48 7 21
48 47 7 21
48 51 5 15
51 48 5 15
51 54 5 15
54 51 5 15
54 59 5 15
59 54 5 15
59 62 5 15
62 59 5 15
