500
0 1 5 15
0 2 5 5
0 3 6 12
2 4 6 12
2 5 6 18
2 6 5 5
6 7 7 7
6 8 6 12
6 9 7 14
7 10 5 5
7 11 7 14
7 12 5 15
10 13 6 6
10 14 7 7
10 15 7 7
13 16 6 6
13 17 6 18
13 18 7 7
16 19 6 12
16 20 7 7
16 21 7 7
20 22 6 18
20 23 6 12
20 24 7 7
24 25 5 15
24 26 7 7
24 27 5 15
26 28 7 14
26 29 5 15
26 30 6 6
30 31 7 7
30 32 6 18
30 33 5 15
31 34 6 6
31 35 7 7
31 36 5 10
34 37 7 7
34 38 7 21
34 39 6 6
34 40 6 18
37 41 6 6
37 42 7 21
37 43 6 18
41 44 6 18
41 45 7 7
41 46 5 15
41 47 6 6
45 48 5 10
45 49 7 21
45 50 5 5
50 51 5 10
50 52 5 5
50 53 6 6
52 54 5 5
52 55 5 5
52 56 5 5
52 57 6 6
57 58 6 6
57 59 7 14
57 60 6 12
58 61 5 15
58 62 6 12
58 63 6 6
63 64 7 7
63 65 6 18
63 66 7 7
63 67 5 15
63 68 7 14
64 69 5 5
64 70 6 18
69 71 7 7
69 72 5 5
71 73 5 5
71 74 7 7
74 75 6 12
74 76 7 7
76 77 5 5
76 78 7 7
78 79 7 7
78 80 5 5
79 81 6 6
79 82 7 7
81 83 6 6
81 84 7 14
83 85 6 12
83 86 5 5
3 5 7 21
3 87 5 10
5 9 5 15
5 88 7 21
9 89 6 12
9 11 5 15
11 90 5 10
11 15 5 15
15 17 5 15
15 91 7 7
17 92 6 18
17 19 6 18
19 23 7 21
19 93 6 12
23 27 5 15
23 94 6 12
27 29 6 18
27 95 5 15
29 33 5 15
29 96 6 18
33 97 5 15
33 35 6 18
35 98 6 6
35 40 6 18
40 42 5 15
40 99 6 18
42 100 6 18
42 44 5 15
44 49 6 18
44 101 5 15
49 53 6 18
49 102 7 21
53 56 5 15
53 103 7 7
56 60 5 15
56 104 5 5
60 105 5 10
60 61 7 21
61 106 7 21
61 65 5 15
65 70 7 21
65 107 6 18
70 108 5 15
70 72 7 21
72 73 6 18
72 109 5 5
73 75 5 15
73 110 6 6
75 77 7 21
75 111 7 14
77 80 7 21
77 112 5 5
80 113 7 7
80 82 5 15
82 114 7 7
82 84 7 21
84 86 5 15
84 115 5 10
86 116 7 7
87 88 6 12
87 117 6 12
88 118 7 21
88 89 5 10
89 90 6 12
89 119 7 14
90 120 7 14
90 91 7 14
91 92 5 10
91 121 7 7
92 93 7 14
92 122 6 18
93 123 6 12
93 94 5 10
94 124 6 12
94 95 7 14
95 96 5 10
95 125 6 18
96 126 7 21
96 97 6 12
97 98 5 10
97 127 5 15
98 128 6 6
98 99 5 10
99 100 5 10
99 129 6 18
100 101 7 14
100 130 7 21
101 131 5 15
101 102 6 12
102 132 7 21
102 103 7 14
103 104 5 10
103 133 5 5
104 134 7 7
104 105 6 12
105 106 7 14
105 135 6 12
106 136 5 15
106 107 6 12
107 108 6 12
107 137 6 18
108 109 7 14
108 138 5 15
109 139 6 6
109 110 5 10
110 140 7 7
110 111 5 10
111 112 7 14
111 141 6 12
112 142 5 5
112 113 6 12
113 114 7 14
113 143 5 5
114 144 7 7
114 115 6 12
115 116 5 10
115 145 7 14
116 146 6 6
117 118 5 15
117 147 7 14
118 119 5 15
118 148 5 15
119 149 5 10
119 120 6 18
120 150 5 10
120 121 5 15
121 122 6 18
121 151 7 7
122 152 6 18
122 123 7 21
123 124 7 21
123 153 6 12
124 125 6 18
124 154 5 10
125 126 5 15
125 155 7 21
126 127 6 18
126 156 5 15
127 157 7 21
127 128 6 18
128 158 7 7
128 129 7 21
129 130 7 21
129 159 6 18
130 160 5 15
130 131 7 21
131 132 7 21
131 161 5 15
132 133 5 15
132 162 7 21
133 134 5 15
133 163 6 6
134 135 7 21
134 164 5 5
135 165 5 10
135 136 7 21
136 166 7 21
136 137 7 21
137 138 5 15
137 167 5 15
138 168 7 21
138 139 6 18
139 140 5 15
139 169 5 5
140 141 5 15
140 170 7 7
141 142 5 15
141 171 6 12
142 143 6 18
142 172 7 7
143 173 6 6
143 144 7 21
144 174 5 5
144 145 5 15
145 146 7 21
145 175 7 14
146 176 5 5
147 148 6 6
147 177 7 14
148 178 6 18
148 149 5 5
149 150 5 5
149 179 7 14
150 151 7 7
150 180 5 10
151 152 5 5
151 181 6 6
152 153 5 5
152 182 6 18
153 183 7 14
153 154 6 6
154 184 7 14
154 155 6 6
155 156 7 7
155 185 5 15
156 186 6 18
156 157 6 6
157 158 5 5
157 187 7 21
158 159 5 5
158 188 5 5
159 160 5 5
159 189 7 21
160 161 7 7
160 190 6 18
161 191 6 18
161 162 5 5
162 192 5 15
162 163 5 5
163 164 5 5
163 193 5 5
164 194 5 5
164 165 7 7
165 166 7 7
165 195 7 14
166 196 6 18
166 167 6 6
167 168 7 7
167 197 6 18
168 169 5 5
168 198 7 21
169 199 7 7
169 170 6 6
170 200 5 5
170 171 6 6
171 172 6 6
171 201 5 10
172 202 7 7
172 173 5 5
173 174 5 5
173 203 7 7
174 204 6 6
174 175 5 5
175 176 7 7
175 205 5 10
176 206 7 7
177 178 7 14
177 207 7 14
178 179 5 10
178 208 6 18
179 209 6 12
179 180 5 10
180 210 7 14
180 181 7 14
181 182 5 10
181 211 7 7
182 212 7 21
182 183 6 12
183 184 5 10
183 213 5 10
184 185 6 12
184 214 5 10
185 186 5 10
185 215 5 15
186 187 6 12
186 216 6 18
187 217 5 15
187 188 6 12
188 218 7 7
188 189 5 10
189 190 5 10
189 219 6 18
190 220 6 18
190 191 5 10
191 192 7 14
191 221 5 15
192 193 6 12
192 222 7 21
193 194 6 12
193 223 6 6
194 195 7 14
194 224 6 6
195 225 6 12
195 196 5 10
196 226 7 21
196 197 5 10
197 198 7 14
197 227 7 21
198 228 5 15
198 199 6 12
199 200 5 10
199 229 6 6
200 201 6 12
200 230 7 7
201 202 7 14
201 231 7 14
202 203 7 14
202 232 5 5
203 233 6 6
203 204 7 14
204 234 5 5
204 205 7 14
205 206 6 12
205 235 7 14
206 236 7 7
207 208 5 10
207 237 5 10
208 238 7 21
208 209 6 12
209 210 5 10
209 239 5 10
210 211 6 12
210 240 5 10
211 212 7 14
211 241 5 5
212 213 7 14
212 242 5 15
213 243 6 12
213 214 6 12
214 244 6 12
214 215 5 10
215 216 7 14
215 245 6 18
216 246 5 15
216 217 7 14
217 218 6 12
217 247 6 18
218 219 6 12
218 248 5 5
219 220 7 14
219 249 7 21
220 221 7 14
220 250 7 21
221 251 7 21
221 222 7 14
222 252 6 18
222 223 6 12
223 224 6 12
223 253 5 5
224 254 7 7
224 225 7 14
225 226 7 14
225 255 5 10
226 227 5 10
226 256 5 15
227 228 7 14
227 257 5 15
228 229 5 10
228 258 6 18
229 259 5 5
229 230 7 14
230 260 7 7
230 231 7 14
231 232 7 14
231 261 5 10
232 262 5 5
232 233 6 12
233 234 5 10
233 263 5 5
234 235 6 12
234 264 5 5
235 236 6 12
235 265 5 10
236 266 5 5
237 238 5 5
237 267 7 14
238 239 5 5
238 268 7 21
239 269 6 12
239 240 7 7
240 270 7 14
240 241 5 5
241 242 7 7
241 271 6 6
242 272 6 18
242 243 7 7
243 244 7 7
243 273 6 12
244 274 6 12
244 245 7 7
245 246 7 7
245 275 5 15
246 247 6 6
246 276 5 15
247 277 7 21
247 248 5 5
248 278 5 5
248 249 7 7
249 250 5 5
249 279 5 15
250 280 6 18
250 251 5 5
251 252 7 7
251 281 6 18
252 282 7 21
252 253 6 6
253 254 5 5
253 283 7 7
254 255 5 5
254 284 7 7
255 285 7 14
255 256 6 6
256 286 5 15
256 257 7 7
257 258 5 5
257 287 6 18
258 288 7 21
258 259 7 7
259 260 6 6
259 289 5 5
260 290 7 7
260 261 6 6
261 262 6 6
261 291 6 12
262 263 6 6
262 292 7 7
263 293 7 7
263 264 5 5
264 294 7 7
264 265 6 6
265 266 7 7
265 295 6 12
266 296 6 6
267 268 5 15
267 297 5 10
268 298 5 15
268 269 5 15
269 270 7 21
269 299 7 14
270 271 6 18
270 300 7 14
271 272 6 18
271 301 5 5
272 273 6 18
272 302 5 15
273 303 6 12
273 274 6 18
274 304 7 14
274 275 5 15
275 276 7 21
275 305 5 15
276 306 5 15
276 277 7 21
277 278 6 18
277 307 6 18
278 279 6 18
278 308 5 5
279 280 6 18
279 309 5 15
280 281 6 18
280 310 6 18
281 311 6 18
281 282 7 21
282 312 7 21
282 283 6 18
283 284 6 18
283 313 6 6
284 314 5 5
284 285 7 21
285 286 6 18
285 315 7 14
286 316 7 21
286 287 7 21
287 288 7 21
287 317 6 18
288 289 5 15
288 318 7 21
289 319 5 5
289 290 6 18
290 320 7 7
290 291 5 15
291 292 6 18
291 321 7 14
292 322 7 7
292 293 7 21
293 294 6 18
293 323 7 7
294 295 5 15
294 324 6 6
295 296 6 18
295 325 7 14
296 326 5 5
297 298 5 10
298 299 6 12
299 300 6 12
300 301 6 12
301 302 6 12
302 303 7 14
303 304 5 10
304 305 7 14
305 306 5 10
306 307 5 10
307 308 6 12
308 309 5 10
309 310 5 10
310 311 5 10
311 312 5 10
312 313 6 12
313 314 5 10
314 315 7 14
315 316 6 12
316 317 6 12
317 318 5 10
318 319 6 12
319 320 7 14
320 321 7 14
321 322 6 12
322 323 7 14
323 324 5 10
324 325 7 14
325 326 5 10
67 327 6 18
67 66 7 14
66 328 5 10
66 329 6 12
329 330 7 14
329 331 7 14
330 332 5 10
330 333 6 18
332 334 5 10
332 335 5 5
334 336 6 12
334 337 7 7
336 68 6 12
336 338 6 6
68 339 5 15
68 46 5 10
46 340 7 21
46 341 6 12
341 342 6 12
341 38 5 10
38 85 7 14
38 343 7 21
85 344 7 14
85 345 6 12
344 346 7 14
344 347 6 6
346 348 6 12
346 349 7 21
348 55 5 10
348 350 6 6
55 351 5 10
55 352 5 10
352 353 7 14
352 354 6 12
354 355 5 5
354 356 5 10
356 357 5 10
356 358 6 12
357 359 5 10
327 328 5 5
327 360 6 18
328 331 7 7
328 361 5 10
331 362 5 10
331 333 5 5
333 363 5 15
333 335 5 5
335 337 7 7
335 364 6 6
337 365 5 5
337 338 7 7
338 339 5 5
338 366 7 7
339 340 7 7
339 367 5 15
340 342 5 5
340 368 7 21
342 343 7 7
342 369 7 14
343 370 7 21
343 345 7 7
345 371 7 14
345 347 7 7
347 349 7 7
347 372 5 5
349 373 6 18
349 350 5 5
350 351 5 5
350 374 7 7
351 353 7 7
351 375 7 14
353 355 6 6
353 376 7 14
355 358 6 6
355 377 6 6
358 378 6 12
358 359 6 6
359 379 7 14
360 361 5 15
360 380 7 21
361 381 7 14
361 362 6 18
362 363 6 18
362 382 6 12
363 364 6 18
363 383 6 18
364 365 5 15
364 384 7 7
365 366 6 18
365 385 7 7
366 386 6 6
366 367 6 18
367 387 5 15
367 368 7 21
368 369 5 15
368 388 7 21
369 389 6 12
369 370 5 15
370 371 6 18
370 390 7 21
371 372 5 15
371 391 6 12
372 373 6 18
372 392 5 5
373 374 5 15
373 393 7 21
374 394 5 5
374 375 7 21
375 395 5 10
375 376 6 18
376 377 7 21
376 396 6 12
377 397 6 6
377 378 7 21
378 379 7 21
378 398 5 10
379 399 7 14
380 381 6 6
380 400 6 18
381 382 7 7
381 401 7 14
382 402 7 14
382 383 6 6
383 403 5 15
383 384 7 7
384 385 6 6
384 404 6 6
385 405 7 7
385 386 5 5
386 387 7 7
386 406 7 7
387 388 7 7
387 407 6 18
388 389 6 6
388 408 5 15
389 390 6 6
389 409 5 10
390 410 7 21
390 391 5 5
391 411 6 12
391 392 5 5
392 393 5 5
392 412 6 6
393 413 7 21
393 394 5 5
394 395 5 5
394 414 7 7
395 396 5 5
395 415 7 14
396 397 6 6
396 416 7 14
397 398 5 5
397 417 7 7
398 418 7 14
398 399 5 5
399 419 5 10
400 401 7 21
400 420 6 18
401 421 6 12
401 402 5 15
402 403 5 15
402 422 7 14
403 423 7 21
403 404 6 18
404 405 5 15
404 424 7 7
405 406 7 21
405 425 6 6
406 426 6 6
406 407 5 15
407 427 6 18
407 408 5 15
408 409 7 21
408 428 6 18
409 429 7 14
409 410 6 18
410 411 6 18
410 430 6 18
411 431 7 14
411 412 7 21
412 413 7 21
412 432 5 5
413 414 5 15
413 433 6 18
414 434 6 6
414 415 7 21
415 435 6 12
415 416 5 15
416 417 5 15
416 436 5 10
417 437 6 6
417 418 6 18
418 419 7 21
418 438 6 12
419 439 7 14
420 421 5 15
420 440 5 15
421 422 7 21
421 441 7 14
422 442 6 12
422 423 7 21
423 443 6 18
423 424 7 21
424 425 7 21
424 444 5 5
425 445 6 6
425 426 5 15
426 427 7 21
426 446 5 5
427 428 5 15
427 447 7 21
428 429 7 21
428 448 5 15
429 430 7 21
429 449 6 12
430 450 7 21
430 431 6 18
431 451 5 10
431 432 5 15
432 433 7 21
432 452 7 7
433 453 5 15
433 434 7 21
434 435 6 18
434 454 5 5
435 436 6 18
435 455 6 12
436 437 6 18
436 456 7 14
437 438 7 21
437 457 5 5
438 458 5 10
438 439 6 18
439 459 7 14
440 441 5 10
440 460 6 18
441 461 6 12
441 442 6 12
442 443 5 10
442 462 6 12
443 444 7 14
443 463 6 18
444 445 6 12
444 464 7 7
445 446 5 10
445 465 5 5
446 466 5 5
446 447 7 14
447 467 6 18
447 448 5 10
448 449 5 10
448 468 6 18
449 469 7 14
449 450 7 14
450 451 5 10
450 470 6 18
451 452 5 10
451 471 7 14
452 453 5 10
452 472 5 5
453 454 5 10
453 473 7 21
454 474 6 6
454 455 7 14
455 475 5 10
455 456 5 10
456 457 6 12
456 476 5 10
457 477 7 7
457 458 5 10
458 459 5 10
458 478 7 14
459 479 6 12
460 461 7 21
460 480 5 15
461 462 7 21
461 481 5 10
462 482 7 14
462 463 7 21
463 483 6 18
463 464 5 15
464 465 7 21
464 484 5 5
465 485 6 6
465 466 7 21
466 467 7 21
466 486 6 6
467 468 6 18
467 487 7 21
468 469 5 15
468 488 6 18
469 470 7 21
469 489 7 14
470 490 5 15
470 471 6 18
471 491 7 14
471 472 6 18
472 473 6 18
472 492 7 7
473 493 6 18
473 474 5 15
474 475 5 15
474 494 6 6
475 476 5 15
475 495 6 12
476 477 5 15
476 496 5 10
477 478 6 18
477 497 7 7
478 498 5 10
478 479 5 15
479 499 6 12
480 481 5 5
480 1 5 15
481 4 7 14
481 482 5 5
482 483 6 6
482 8 7 14
483 484 7 7
483 12 6 18
484 485 5 5
484 14 6 6
485 486 6 6
485 18 5 5
486 21 5 5
486 487 7 7
487 22 6 18
487 488 6 6
488 489 6 6
488 25 7 21
489 28 6 12
489 490 5 5
490 491 6 6
490 32 6 18
491 492 5 5
491 36 6 12
492 493 6 6
492 39 6 6
493 494 6 6
493 43 5 15
494 47 5 5
494 495 6 6
495 48 6 12
495 496 5 5
496 497 5 5
496 51 7 14
497 54 7 7
497 498 6 6
498 499 7 7
498 59 7 14
499 62 5 10
1 4 6 18
4 8 7 21
8 12 6 18
12 14 7 21
14 18 5 15
18 21 5 15
21 22 7 21
22 25 5 15
25 28 5 15
28 32 6 18
32 36 7 21
36 39 7 21
39 43 5 15
43 47 7 21
47 48 7 21
48 51 5 15
51 54 5 15
54 59 5 15
59 62 5 15
